#phi_psi_bias_correction: Mon Feb 16 13:55:56 2009	#forbidden_phi_psi: Mon Sep 14 18:17:59 2009
#	#
PPBC	0	0.537327	-171	-171	0	675.1	-180	-180	0	0	0	
PPBC	1	0.176404	-153	-171	0	965.1	-162	-180	1	0	1	
PPBC	2	0.426508	-135	-171	0	738.1	-144	-180	2	0	2	
PPBC	3	0.67211	-117	-171	0	556.1	-126	-180	3	0	3	
PPBC	4	0.417256	-99	-171	0	739.1	-108	-180	4	0	4	
PPBC	5	0.158978	-81	-171	0	1003.1	-90	-180	5	0	5	
PPBC	6	2.75888	-63	-171	0	62.1	-72	-180	6	0	6	
PPBC	7	9.35329	-45	-171	1	1.1	-54	-180	7	0	7	
PPBC	8	9.35329	-27	-171	1	1.1	-36	-180	8	0	8	
PPBC	9	9.35329	-9	-171	1	0.1	-18	-180	9	0	9	
PPBC	10	9.35329	9	-171	1	0.1	0	-180	10	0	10	
PPBC	11	9.35329	27	-171	1	0.1	18	-180	11	0	11	
PPBC	12	6.9554	45	-171	1	1.1	36	-180	12	0	12	
PPBC	13	2.02617	63	-171	0	153.1	54	-180	13	0	13	
PPBC	14	0.88718	81	-171	0	475.1	72	-180	14	0	14	
PPBC	15	1.85166	99	-171	0	183.1	90	-180	15	0	15	
PPBC	16	2.05282	117	-171	0	150.1	108	-180	16	0	16	
PPBC	17	1.84067	135	-171	0	183.1	126	-180	17	0	17	
PPBC	18	1.59069	153	-171	0	237.1	144	-180	18	0	18	
PPBC	19	0.979737	171	-171	0	434.1	162	-180	19	0	19	
PPBC	20	2.0802	-171	-153	0	141.1	-180	-162	0	1	20	
PPBC	21	1.85719	-153	-153	0	164.1	-162	-162	1	1	21	
PPBC	22	1.82442	-135	-153	0	168.1	-144	-162	2	1	22	
PPBC	23	1.80316	-117	-153	0	176.1	-126	-162	3	1	23	
PPBC	24	1.46308	-99	-153	0	258.1	-108	-162	4	1	24	
PPBC	25	2.03276	-81	-153	0	146.1	-90	-162	5	1	25	
PPBC	26	4.64376	-63	-153	1	6.1	-72	-162	6	1	26	
PPBC	27	6.30877	-45	-153	1	2.1	-54	-162	7	1	27	
PPBC	28	9.35329	-27	-153	1	0.1	-36	-162	8	1	28	
PPBC	29	9.35329	-9	-153	1	1.1	-18	-162	9	1	29	
PPBC	30	9.35329	9	-153	1	0.1	0	-162	10	1	30	
PPBC	31	9.35329	27	-153	1	0.1	18	-162	11	1	31	
PPBC	32	3.6135	45	-153	0	31.1	36	-162	12	1	32	
PPBC	33	1.06904	63	-153	0	397.1	54	-162	13	1	33	
PPBC	34	1.44454	81	-153	0	272.1	72	-162	14	1	34	
PPBC	35	2.22159	99	-153	0	125.1	90	-162	15	1	35	
PPBC	36	2.6187	117	-153	0	85.1	108	-162	16	1	36	
PPBC	37	2.3049	135	-153	0	116.1	126	-162	17	1	37	
PPBC	38	2.12273	153	-153	0	139.1	144	-162	18	1	38	
PPBC	39	1.72234	171	-153	0	208.1	162	-162	19	1	39	
PPBC	40	3.78877	-171	-135	0	24.1	-180	-144	0	2	40	
PPBC	41	3.28718	-153	-135	0	37.1	-162	-144	1	2	41	
PPBC	42	2.64277	-135	-135	0	67.1	-144	-144	2	2	42	
PPBC	43	2.21363	-117	-135	0	118.1	-126	-144	3	2	43	
PPBC	44	2.12273	-99	-135	0	136.1	-108	-144	4	2	44	
PPBC	45	3.26425	-81	-135	0	36.1	-90	-144	5	2	45	
PPBC	46	4.40453	-63	-135	1	3.1	-72	-144	6	2	46	
PPBC	47	6.30877	-45	-135	1	2.1	-54	-144	7	2	47	
PPBC	48	9.35329	-27	-135	1	0.1	-36	-144	8	2	48	
PPBC	49	9.35329	-9	-135	1	0.1	-18	-144	9	2	49	
PPBC	50	9.35329	9	-135	1	0.1	0	-144	10	2	50	
PPBC	51	6.30877	27	-135	1	3.1	18	-144	11	2	51	
PPBC	52	1.50514	45	-135	0	256.1	36	-144	12	2	52	
PPBC	53	0.66703	63	-135	0	598.1	54	-144	13	2	53	
PPBC	54	2.80078	81	-135	0	70.1	72	-144	14	2	54	
PPBC	55	3.31066	99	-135	0	42.1	90	-144	15	2	55	
PPBC	56	3.71494	117	-135	0	27.1	108	-144	16	2	56	
PPBC	57	3.78877	135	-135	0	26.1	126	-144	17	2	57	
PPBC	58	3.21989	153	-135	0	46.1	144	-144	18	2	58	
PPBC	59	3.24182	171	-135	0	44.1	162	-144	19	2	59	
PPBC	60	5.24242	-171	-117	1	6.1	-180	-126	0	3	60	
PPBC	61	3.71494	-153	-117	0	24.1	-162	-126	1	3	61	
PPBC	62	2.93819	-135	-117	0	55.1	-144	-126	2	3	62	
PPBC	63	2.77265	-117	-117	0	70.1	-126	-126	3	3	63	
PPBC	64	3.04156	-99	-117	0	55.1	-108	-126	4	3	64	
PPBC	65	4.04999	-81	-117	1	11.1	-90	-126	5	3	65	
PPBC	66	4.95884	-63	-117	1	2.1	-72	-126	6	3	66	
PPBC	67	6.9554	-45	-117	1	1.1	-54	-126	7	3	67	
PPBC	68	9.35329	-27	-117	1	0.1	-36	-126	8	3	68	
PPBC	69	9.35329	-9	-117	1	0.1	-18	-126	9	3	69	
PPBC	70	6.30877	9	-117	1	2.1	0	-126	10	3	70	
PPBC	71	5.24242	27	-117	1	7.1	18	-126	11	3	71	
PPBC	72	2.05959	45	-117	0	151.1	36	-126	12	3	72	
PPBC	73	1.53285	63	-117	0	250.1	54	-126	13	3	73	
PPBC	74	3.67997	81	-117	0	29.1	72	-126	14	3	74	
PPBC	75	4.10102	99	-117	1	18.1	90	-126	15	3	75	
PPBC	76	5.42147	117	-117	1	5.1	108	-126	16	3	76	
PPBC	77	4.73817	135	-117	1	8.1	126	-126	17	3	77	
PPBC	78	5.09061	153	-117	1	6.1	144	-126	18	3	78	
PPBC	79	4.95884	171	-117	1	8.1	162	-126	19	3	79	
PPBC	80	5.42147	-171	-99	1	4.1	-180	-108	0	4	80	
PPBC	81	4.21163	-153	-99	1	16.1	-162	-108	1	4	81	
PPBC	82	3.11692	-135	-99	0	49.1	-144	-108	2	4	82	
PPBC	83	2.63066	-117	-99	0	82.1	-126	-108	3	4	83	
PPBC	84	2.84452	-99	-99	0	69.1	-108	-108	4	4	84	
PPBC	85	4.10102	-81	-99	1	18.1	-90	-108	5	4	85	
PPBC	86	5.63972	-63	-99	1	2.1	-72	-108	6	4	86	
PPBC	87	9.35329	-45	-99	1	0.1	-54	-108	7	4	87	
PPBC	88	9.35329	-27	-99	1	1.1	-36	-108	8	4	88	
PPBC	89	9.35329	-9	-99	1	0.1	-18	-108	9	4	89	
PPBC	90	6.9554	9	-99	1	1.1	0	-108	10	4	90	
PPBC	91	6.9554	27	-99	1	1.1	18	-108	11	4	91	
PPBC	92	4.84243	45	-99	1	9.1	36	-108	12	4	92	
PPBC	93	4.27189	63	-99	1	17.1	54	-108	13	4	93	
PPBC	94	5.09061	81	-99	1	8.1	72	-108	14	4	94	
PPBC	95	4.40453	99	-99	1	14.1	90	-108	15	4	95	
PPBC	96	5.24242	117	-99	1	5.1	108	-108	16	4	96	
PPBC	97	5.9193	135	-99	1	3.1	126	-108	17	4	97	
PPBC	98	6.30877	153	-99	1	1.1	144	-108	18	4	98	
PPBC	99	6.9554	171	-99	1	1.1	162	-108	19	4	99	
PPBC	100	5.63972	-171	-81	1	4.1	-180	-90	0	5	100	
PPBC	101	4.33601	-153	-81	1	14.1	-162	-90	1	5	101	
PPBC	102	2.84452	-135	-81	0	69.1	-144	-90	2	5	102	
PPBC	103	2.25409	-117	-81	0	122.1	-126	-90	3	5	103	
PPBC	104	2.28768	-99	-81	0	115.1	-108	-90	4	5	104	
PPBC	105	2.9547	-81	-81	0	58.1	-90	-90	5	5	105	
PPBC	106	4.84243	-63	-81	1	7.1	-72	-90	6	5	106	
PPBC	107	5.42147	-45	-81	1	5.1	-54	-90	7	5	107	
PPBC	108	5.9193	-27	-81	1	3.1	-36	-90	8	5	108	
PPBC	109	5.63972	-9	-81	1	4.1	-18	-90	9	5	109	
PPBC	110	9.35329	9	-81	1	0.1	0	-90	10	5	110	
PPBC	111	9.35329	27	-81	1	0.1	18	-90	11	5	111	
PPBC	112	9.35329	45	-81	1	0.1	36	-90	12	5	112	
PPBC	113	4.84243	63	-81	1	9.1	54	-90	13	5	113	
PPBC	114	3.91087	81	-81	0	24.1	72	-90	14	5	114	
PPBC	115	5.42147	99	-81	1	5.1	90	-90	15	5	115	
PPBC	116	5.42147	117	-81	1	4.1	108	-90	16	5	116	
PPBC	117	5.9193	135	-81	1	3.1	126	-90	17	5	117	
PPBC	118	9.35329	153	-81	1	0.1	144	-90	18	5	118	
PPBC	119	6.30877	171	-81	1	2.1	162	-90	19	5	119	
PPBC	120	5.9193	-171	-63	1	3.1	-180	-72	0	6	120	
PPBC	121	3.58185	-153	-63	0	33.1	-162	-72	1	6	121	
PPBC	122	2.19789	-135	-63	0	132.1	-144	-72	2	6	122	
PPBC	123	1.17831	-117	-63	0	356.1	-126	-72	3	6	123	
PPBC	124	1.05649	-99	-63	0	402.1	-108	-72	4	6	124	
PPBC	125	0.921438	-81	-63	0	456.1	-90	-72	5	6	125	
PPBC	126	-0.235555	-63	-63	0	1463.1	-72	-72	6	6	126	
PPBC	127	0.526996	-45	-63	0	683.1	-54	-72	7	6	127	
PPBC	128	3.28718	-27	-63	0	44.1	-36	-72	8	6	128	
PPBC	129	9.35329	-9	-63	1	0.1	-18	-72	9	6	129	
PPBC	130	9.35329	9	-63	1	0.1	0	-72	10	6	130	
PPBC	131	9.35329	27	-63	1	3.1	18	-72	11	6	131	
PPBC	132	9.35329	45	-63	1	2.1	36	-72	12	6	132	
PPBC	133	3.21989	63	-63	0	45.1	54	-72	13	6	133	
PPBC	134	2.77265	81	-63	0	72.1	72	-72	14	6	134	
PPBC	135	4.84243	99	-63	1	9.1	90	-72	15	6	135	
PPBC	136	5.9193	117	-63	1	3.1	108	-72	16	6	136	
PPBC	137	5.24242	135	-63	1	6.1	126	-72	17	6	137	
PPBC	138	4.95884	153	-63	1	8.1	144	-72	18	6	138	
PPBC	139	5.63972	171	-63	1	4.1	162	-72	19	6	139	
PPBC	140	5.24242	-171	-45	1	7.1	-180	-54	0	7	140	
PPBC	141	4.33601	-153	-45	1	16.1	-162	-54	1	7	141	
PPBC	142	1.89108	-135	-45	0	176.1	-144	-54	2	7	142	
PPBC	143	0.492366	-117	-45	0	717.1	-126	-54	3	7	143	
PPBC	144	-0.342619	-99	-45	0	1639.1	-108	-54	4	7	144	
PPBC	145	-1.74761	-81	-45	0	6673.1	-90	-54	5	7	145	
PPBC	146	-4.54331	-63	-45	0	109533	-72	-54	6	7	146	
PPBC	147	-1.7213	-45	-45	0	6494.1	-54	-54	7	7	147	
PPBC	148	5.09061	-27	-45	1	8.1	-36	-54	8	7	148	
PPBC	149	6.9554	-9	-45	1	1.1	-18	-54	9	7	149	
PPBC	150	9.35329	9	-45	1	5.1	0	-54	10	7	150	
PPBC	151	9.35329	27	-45	0	25.1	18	-54	11	7	151	
PPBC	152	9.35329	45	-45	1	2.1	36	-54	12	7	152	
PPBC	153	2.9547	63	-45	0	60.1	54	-54	13	7	153	
PPBC	154	2.98854	81	-45	0	60.1	72	-54	14	7	154	
PPBC	155	4.27189	99	-45	1	16.1	90	-54	15	7	155	
PPBC	156	5.09061	117	-45	1	8.1	108	-54	16	7	156	
PPBC	157	4.33601	135	-45	1	14.1	126	-54	17	7	157	
PPBC	158	5.42147	153	-45	1	6.1	144	-54	18	7	158	
PPBC	159	5.9193	171	-45	1	4.1	162	-54	19	7	159	
PPBC	160	6.30877	-171	-27	1	2.1	-180	-36	0	8	160	
PPBC	161	3.4925	-153	-27	0	37.1	-162	-36	1	8	161	
PPBC	162	1.47438	-135	-27	0	267.1	-144	-36	2	8	162	
PPBC	163	-0.0834679	-117	-27	0	1264.1	-126	-36	3	8	163	
PPBC	164	-0.877376	-99	-27	0	2794.1	-108	-36	4	8	164	
PPBC	165	-2.08632	-81	-27	0	9387.1	-90	-36	5	8	165	
PPBC	166	-3.46821	-63	-27	0	37328.1	-72	-36	6	8	166	
PPBC	167	-0.192164	-45	-27	0	1408.1	-54	-36	7	8	167	
PPBC	168	6.9554	-27	-27	1	5.1	-36	-36	8	8	168	
PPBC	169	9.35329	-9	-27	1	2.1	-18	-36	9	8	169	
PPBC	170	9.35329	9	-27	1	5.1	0	-36	10	8	170	
PPBC	171	9.35329	27	-27	1	4.1	18	-36	11	8	171	
PPBC	172	9.35329	45	-27	1	0.1	36	-36	12	8	172	
PPBC	173	3.86849	63	-27	0	24.1	54	-36	13	8	173	
PPBC	174	2.66743	81	-27	0	80.1	72	-36	14	8	174	
PPBC	175	1.17831	99	-27	0	356.1	90	-36	15	8	175	
PPBC	176	2.00664	117	-27	0	155.1	108	-36	16	8	176	
PPBC	177	3.6135	135	-27	0	31.1	126	-36	17	8	177	
PPBC	178	4.84243	153	-27	1	10.1	144	-36	18	8	178	
PPBC	179	5.63972	171	-27	1	5.1	162	-36	19	8	179	
PPBC	180	5.09061	-171	-9	1	8.1	-180	-18	0	9	180	
PPBC	181	3.26425	-153	-9	0	44.1	-162	-18	1	9	181	
PPBC	182	0.796685	-135	-9	0	524.1	-144	-18	2	9	182	
PPBC	183	-0.729639	-117	-9	0	2413.1	-126	-18	3	9	183	
PPBC	184	-1.54587	-99	-9	0	5477.1	-108	-18	4	9	184	
PPBC	185	-2.22281	-81	-9	0	10820.1	-90	-18	5	9	185	
PPBC	186	-1.69666	-63	-9	0	6336.1	-72	-18	6	9	186	
PPBC	187	4.64376	-45	-9	1	11.1	-54	-18	7	9	187	
PPBC	188	9.35329	-27	-9	1	1.1	-36	-18	8	9	188	
PPBC	189	9.35329	-9	-9	1	4.1	-18	-18	9	9	189	
PPBC	190	9.35329	9	-9	1	4.1	0	-18	10	9	190	
PPBC	191	9.35329	27	-9	1	3.1	18	-18	11	9	191	
PPBC	192	9.35329	45	-9	1	0.1	36	-18	12	9	192	
PPBC	193	2.92196	63	-9	0	63.1	54	-18	13	9	193	
PPBC	194	-0.22592	81	-9	0	1449.1	72	-18	14	9	194	
PPBC	195	-0.201419	99	-9	0	1420.1	90	-18	15	9	195	
PPBC	196	1.50905	117	-9	0	259.1	108	-18	16	9	196	
PPBC	197	2.82973	135	-9	0	67.1	126	-18	17	9	197	
PPBC	198	4.47809	153	-9	1	14.1	144	-18	18	9	198	
PPBC	199	6.9554	171	-9	1	3.1	162	-18	19	9	199	
PPBC	200	5.42147	-171	9	1	6.1	-180	0	0	10	200	
PPBC	201	2.54979	-153	9	0	90.1	-162	0	1	10	201	
PPBC	202	0.464396	-135	9	0	729.1	-144	0	2	10	202	
PPBC	203	-0.987516	-117	9	0	3112.1	-126	0	3	10	203	
PPBC	204	-1.75693	-99	9	0	6776.1	-108	0	4	10	204	
PPBC	205	-0.887419	-81	9	0	2903.1	-90	0	5	10	205	
PPBC	206	2.32243	-63	9	0	93.1	-72	0	6	10	206	
PPBC	207	4.95884	-45	9	1	5.1	-54	0	7	10	207	
PPBC	208	9.35329	-27	9	1	1.1	-36	0	8	10	208	
PPBC	209	9.35329	-9	9	1	0.1	-18	0	9	10	209	
PPBC	210	9.35329	9	9	1	2.1	0	0	10	10	210	
PPBC	211	9.35329	27	9	1	2.1	18	0	11	10	211	
PPBC	212	5.24242	45	9	1	6.1	36	0	12	10	212	
PPBC	213	0.0686781	63	9	0	1080.1	54	0	13	10	213	
PPBC	214	-0.887776	81	9	0	2823.1	72	0	14	10	214	
PPBC	215	0.189937	99	9	0	958.1	90	0	15	10	215	
PPBC	216	1.77208	117	9	0	197.1	108	0	16	10	216	
PPBC	217	3.91087	135	9	0	23.1	126	0	17	10	217	
PPBC	218	6.30877	153	9	1	2.1	144	0	18	10	218	
PPBC	219	6.9554	171	9	1	3.1	162	0	19	10	219	
PPBC	220	5.42147	-171	27	1	6.1	-180	18	0	11	220	
PPBC	221	2.49578	-153	27	0	97.1	-162	18	1	11	221	
PPBC	222	0.405485	-135	27	0	771.1	-144	18	2	11	222	
PPBC	223	-0.502633	-117	27	0	1914.1	-126	18	3	11	223	
PPBC	224	-0.111769	-99	27	0	1337.1	-108	18	4	11	224	
PPBC	225	1.71269	-81	27	0	201.1	-90	18	5	11	225	
PPBC	226	0.991349	-63	27	0	38.1	-72	18	6	11	226	
PPBC	227	4.5575	-45	27	1	1.1	-54	18	7	11	227	
PPBC	228	9.35329	-27	27	1	0.1	-36	18	8	11	228	
PPBC	229	9.35329	-9	27	1	3.1	-18	18	9	11	229	
PPBC	230	9.35329	9	27	1	0.1	0	18	10	11	230	
PPBC	231	9.35329	27	27	1	1.1	18	18	11	11	231	
PPBC	232	1.39436	45	27	0	289.1	36	18	12	11	232	
PPBC	233	-0.959355	63	27	0	3033.1	54	18	13	11	233	
PPBC	234	0.0585173	81	27	0	1098.1	72	18	14	11	234	
PPBC	235	2.17475	99	27	0	132.1	90	18	15	11	235	
PPBC	236	3.05987	117	27	0	52.1	108	18	16	11	236	
PPBC	237	5.09061	135	27	1	9.1	126	18	17	11	237	
PPBC	238	6.9554	153	27	1	1.1	144	18	18	11	238	
PPBC	239	6.30877	171	27	1	3.1	162	18	19	11	239	
PPBC	240	4.95884	-171	45	1	9.1	-180	36	0	12	240	
PPBC	241	2.19789	-153	45	0	129.1	-162	36	1	12	241	
PPBC	242	0.906305	-135	45	0	472.1	-144	36	2	12	242	
PPBC	243	1.01498	-117	45	0	426.1	-126	36	3	12	243	
PPBC	244	1.70789	-99	45	0	217.1	-108	36	4	12	244	
PPBC	245	1.44087	-81	45	0	260.1	-90	36	5	12	245	
PPBC	246	2.67999	-63	45	0	29.1	-72	36	6	12	246	
PPBC	247	6.30877	-45	45	1	0.1	-54	36	7	12	247	
PPBC	248	9.35329	-27	45	1	0.1	-36	36	8	12	248	
PPBC	249	9.35329	-9	45	1	0.1	-18	36	9	12	249	
PPBC	250	9.35329	9	45	1	0.1	0	36	10	12	250	
PPBC	251	4.84243	27	45	1	9.1	18	36	11	12	251	
PPBC	252	-0.4809	45	45	0	1877.1	36	36	12	12	252	
PPBC	253	-0.545235	63	45	0	2000.1	54	36	13	12	253	
PPBC	254	2.24587	81	45	0	119.1	72	36	14	12	254	
PPBC	255	3.67997	99	45	0	27.1	90	36	15	12	255	
PPBC	256	4.95884	117	45	1	9.1	108	36	16	12	256	
PPBC	257	5.24242	135	45	1	6.1	126	36	17	12	257	
PPBC	258	9.35329	153	45	1	0.1	144	36	18	12	258	
PPBC	259	6.30877	171	45	1	2.1	162	36	19	12	259	
PPBC	260	3.95513	-171	63	0	22.1	-180	54	0	13	260	
PPBC	261	1.48198	-153	63	0	262.1	-162	54	1	13	261	
PPBC	262	0.383622	-135	63	0	791.1	-144	54	2	13	262	
PPBC	263	1.61219	-117	63	0	229.1	-126	54	3	13	263	
PPBC	264	1.29149	-99	63	0	316.1	-108	54	4	13	264	
PPBC	265	-0.0201035	-81	63	0	1171.1	-90	54	5	13	265	
PPBC	266	3.58185	-63	63	1	21.1	-72	54	6	13	266	
PPBC	267	6.9554	-45	63	1	0.1	-54	54	7	13	267	
PPBC	268	9.35329	-27	63	1	0.1	-36	54	8	13	268	
PPBC	269	9.35329	-9	63	1	0.1	-18	54	9	13	269	
PPBC	270	6.9554	9	63	1	1.1	0	54	10	13	270	
PPBC	271	3.28718	27	63	0	43.1	18	54	11	13	271	
PPBC	272	0.603241	45	63	0	632.1	36	54	12	13	272	
PPBC	273	1.19249	63	63	0	349.1	54	54	13	13	273	
PPBC	274	3.55117	81	63	0	29.1	72	54	14	13	274	
PPBC	275	4.47809	99	63	1	11.1	90	54	15	13	275	
PPBC	276	6.30877	117	63	1	1.1	108	54	16	13	276	
PPBC	277	6.30877	135	63	1	2.1	126	54	17	13	277	
PPBC	278	6.30877	153	63	1	2.1	144	54	18	13	278	
PPBC	279	5.63972	171	63	1	5.1	162	54	19	13	279	
PPBC	280	3.21989	-171	81	0	46.1	-180	72	0	14	280	
PPBC	281	1.31704	-153	81	0	312.1	-162	72	1	14	281	
PPBC	282	0.164072	-135	81	0	986.1	-144	72	2	14	282	
PPBC	283	0.502343	-117	81	0	699.1	-126	72	3	14	283	
PPBC	284	0.58752	-99	81	0	634.1	-108	72	4	14	284	
PPBC	285	-0.117951	-81	81	0	1297.1	-90	72	5	14	285	
PPBC	286	3.4925	-63	81	0	24.1	-72	72	6	14	286	
PPBC	287	6.9554	-45	81	1	1.1	-54	72	7	14	287	
PPBC	288	9.35329	-27	81	1	0.1	-36	72	8	14	288	
PPBC	289	6.9554	-9	81	1	2.1	-18	72	9	14	289	
PPBC	290	5.63972	9	81	1	4.1	0	72	10	14	290	
PPBC	291	4.84243	27	81	1	9.1	18	72	11	14	291	
PPBC	292	3.78877	45	81	0	26.1	36	72	12	14	292	
PPBC	293	2.87478	63	81	0	60.1	54	72	13	14	293	
PPBC	294	3.75117	81	81	1	17.1	72	72	14	14	294	
PPBC	295	4.04999	99	81	1	18.1	90	72	15	14	295	
PPBC	296	5.42147	117	81	1	4.1	108	72	16	14	296	
PPBC	297	5.9193	135	81	1	3.1	126	72	17	14	297	
PPBC	298	6.9554	153	81	1	1.1	144	72	18	14	298	
PPBC	299	6.9554	171	81	1	2.1	162	72	19	14	299	
PPBC	300	2.82973	-171	99	0	70.1	-180	90	0	15	300	
PPBC	301	0.914924	-153	99	0	466.1	-162	90	1	15	301	
PPBC	302	-0.1821	-135	99	0	1398.1	-144	90	2	15	302	
PPBC	303	-0.849227	-117	99	0	2714.1	-126	90	3	15	303	
PPBC	304	-0.926611	-99	99	0	2940.1	-108	90	4	15	304	
PPBC	305	-0.502633	-81	99	0	1916.1	-90	90	5	15	305	
PPBC	306	2.48532	-63	99	0	95.1	-72	90	6	15	306	
PPBC	307	5.42147	-45	99	1	5.1	-54	90	7	15	307	
PPBC	308	6.30877	-27	99	1	2.1	-36	90	8	15	308	
PPBC	309	4.84243	-9	99	1	9.1	-18	90	9	15	309	
PPBC	310	6.30877	9	99	1	2.1	0	90	10	15	310	
PPBC	311	9.35329	27	99	1	1.1	18	90	11	15	311	
PPBC	312	6.30877	45	99	1	1.1	36	90	12	15	312	
PPBC	313	4.27189	63	99	1	12.1	54	90	13	15	313	
PPBC	314	4.27189	81	99	1	15.1	72	90	14	15	314	
PPBC	315	4.10102	99	99	1	19.1	90	90	15	15	315	
PPBC	316	4.15479	117	99	1	20.1	108	90	16	15	316	
PPBC	317	4.95884	135	99	1	10.1	126	90	17	15	317	
PPBC	318	4.95884	153	99	1	8.1	144	90	18	15	318	
PPBC	319	6.9554	171	99	1	1.1	162	90	19	15	319	
PPBC	320	2.29625	-171	117	0	120.1	-180	108	0	16	320	
PPBC	321	0.0109576	-153	117	0	1150.1	-162	108	1	16	321	
PPBC	322	-1.56508	-135	117	0	5554.1	-144	108	2	16	322	
PPBC	323	-2.33242	-117	117	0	11965.1	-126	108	3	16	323	
PPBC	324	-2.19124	-99	117	0	10411.1	-108	108	4	16	324	
PPBC	325	-1.73363	-81	117	0	6589.1	-90	108	5	16	325	
PPBC	326	-0.804878	-63	117	0	2602.1	-72	108	6	16	326	
PPBC	327	0.678923	-45	117	0	588.1	-54	108	7	16	327	
PPBC	328	3.55117	-27	117	0	34.1	-36	108	8	16	328	
PPBC	329	5.42147	-9	117	1	5.1	-18	108	9	16	329	
PPBC	330	6.9554	9	117	1	1.1	0	108	10	16	330	
PPBC	331	9.35329	27	117	1	1.1	18	108	11	16	331	
PPBC	332	5.42147	45	117	1	2.1	36	108	12	16	332	
PPBC	333	4.95884	63	117	1	10.1	54	108	13	16	333	
PPBC	334	3.95513	81	117	0	22.1	72	108	14	16	334	
PPBC	335	3.46441	99	117	0	38.1	90	108	15	16	335	
PPBC	336	3.75117	117	117	0	28.1	108	108	16	16	336	
PPBC	337	4.04999	135	117	1	21.1	126	108	17	16	337	
PPBC	338	5.63972	153	117	1	4.1	144	108	18	16	338	
PPBC	339	4.95884	171	117	1	11.1	162	108	19	16	339	
PPBC	340	1.04165	-171	135	0	415.1	-180	126	0	17	340	
PPBC	341	-1.18601	-153	135	0	3803.1	-162	126	1	17	341	
PPBC	342	-2.38223	-135	135	0	12604.1	-144	126	2	17	342	
PPBC	343	-2.66344	-117	135	0	16695.1	-126	126	3	17	343	
PPBC	344	-2.25777	-99	135	0	11124.1	-108	126	4	17	344	
PPBC	345	-2.14818	-81	135	0	10042.1	-90	126	5	17	345	
PPBC	346	-2.48259	-63	135	0	13964.1	-72	126	6	17	346	
PPBC	347	-0.858086	-45	135	0	2739.1	-54	126	7	17	347	
PPBC	348	5.24242	-27	135	1	6.1	-36	126	8	17	348	
PPBC	349	9.35329	-9	135	1	1.1	-18	126	9	17	349	
PPBC	350	9.35329	9	135	1	0.1	0	126	10	17	350	
PPBC	351	9.35329	27	135	1	1.1	18	126	11	17	351	
PPBC	352	6.9554	45	135	1	1.1	36	126	12	17	352	
PPBC	353	6.9554	63	135	1	5.1	54	126	13	17	353	
PPBC	354	3.71494	81	135	0	30.1	72	126	14	17	354	
PPBC	355	2.47496	99	135	0	98.1	90	126	15	17	355	
PPBC	356	3.26425	117	135	0	46.1	108	126	16	17	356	
PPBC	357	3.64618	135	135	0	30.1	126	126	17	17	357	
PPBC	358	3.67997	153	135	0	32.1	144	126	18	17	358	
PPBC	359	3.75117	171	135	0	30.1	162	126	19	17	359	
PPBC	360	-0.324613	-171	153	0	1609.1	-180	144	0	18	360	
PPBC	361	-1.87649	-153	153	0	7626.1	-162	144	1	18	361	
PPBC	362	-2.35381	-135	153	0	12250.1	-144	144	2	18	362	
PPBC	363	-2.00229	-117	153	0	8623.1	-126	144	3	18	363	
PPBC	364	-1.47863	-99	153	0	5112.1	-108	144	4	18	364	
PPBC	365	-1.95016	-81	153	0	8334.1	-90	144	5	18	365	
PPBC	366	-2.21546	-63	153	0	10792.1	-72	144	6	18	366	
PPBC	367	1.20977	-45	153	0	350.1	-54	144	7	18	367	
PPBC	368	6.9554	-27	153	1	2.1	-36	144	8	18	368	
PPBC	369	9.35329	-9	153	1	2.1	-18	144	9	18	369	
PPBC	370	9.35329	9	153	1	1.1	0	144	10	18	370	
PPBC	371	9.35329	27	153	1	0.1	18	144	11	18	371	
PPBC	372	9.35329	45	153	1	2.1	36	144	12	18	372	
PPBC	373	5.09061	63	153	1	9.1	54	144	13	18	373	
PPBC	374	2.21363	81	153	0	129.1	72	144	14	18	374	
PPBC	375	1.60354	99	153	0	234.1	90	144	15	18	375	
PPBC	376	2.34027	117	153	0	113.1	108	144	16	18	376	
PPBC	377	2.85954	135	153	0	68.1	126	144	17	18	377	
PPBC	378	3.11692	153	153	0	52.1	144	144	18	18	378	
PPBC	379	2.53875	171	153	0	92.1	162	144	19	18	379	
PPBC	380	-0.615095	-171	171	0	2145.1	-180	162	0	19	380	
PPBC	381	-1.45464	-153	171	0	4992.1	-162	162	1	19	381	
PPBC	382	-1.42735	-135	171	0	4846.1	-144	162	2	19	382	
PPBC	383	-0.83127	-117	171	0	2643.1	-126	162	3	19	383	
PPBC	384	-0.644188	-99	171	0	2223.1	-108	162	4	19	384	
PPBC	385	-1.37396	-81	171	0	4730.1	-90	162	5	19	385	
PPBC	386	-0.345691	-63	171	0	1700.1	-72	162	6	19	386	
PPBC	387	5.42147	-45	171	1	6.1	-54	162	7	19	387	
PPBC	388	9.35329	-27	171	1	1.1	-36	162	8	19	388	
PPBC	389	9.35329	-9	171	1	0.1	-18	162	9	19	389	
PPBC	390	9.35329	9	171	1	1.1	0	162	10	19	390	
PPBC	391	9.35329	27	171	1	0.1	18	162	11	19	391	
PPBC	392	6.9554	45	171	1	2.1	36	162	12	19	392	
PPBC	393	3.07853	63	171	0	54.1	54	162	13	19	393	
PPBC	394	1.12618	81	171	0	378.1	72	162	14	19	394	
PPBC	395	1.40138	99	171	0	286.1	90	162	15	19	395	
PPBC	396	2.0131	117	171	0	154.1	108	162	16	19	396	
PPBC	397	2.21363	135	171	0	128.1	126	162	17	19	397	
PPBC	398	1.81373	153	171	0	191.1	144	162	18	19	398	
PPBC	399	1.22441	171	171	0	347.1	162	162	19	19	399	
