HBOND	hbond_energies	0	0	-2	-3	-3.5
HBOND	H_O_dist	27	1.375	8.02826	9.50658	9.21625
HBOND	H_O_dist	28	1.425	5.91159	8.50658	8.21625
HBOND	H_O_dist	29	1.475	5.0745	7.3211	5.26249
HBOND	H_O_dist	30	1.525	4.53523	6.05312	4.54598
HBOND	H_O_dist	31	1.575	3.47791	5.01353	3.47485
HBOND	H_O_dist	32	1.625	2.39365	4.10595	2.57498
HBOND	H_O_dist	33	1.675	1.52012	2.93906	1.33701
HBOND	H_O_dist	34	1.725	0.643723	1.80738	0.395645
HBOND	H_O_dist	35	1.775	-0.0892368	0.657505	-0.478496
HBOND	H_O_dist	36	1.825	-0.622436	-0.248604	-1.06368
HBOND	H_O_dist	37	1.875	-0.92418	-0.915317	-1.35073
HBOND	H_O_dist	38	1.925	-1.06459	-1.27614	-1.4003
HBOND	H_O_dist	39	1.975	-1.06064	-1.34112	-1.25272
HBOND	H_O_dist	40	2.025	-0.914908	-1.24869	-0.974644
HBOND	H_O_dist	41	2.075	-0.715857	-1.01507	-0.642883
HBOND	H_O_dist	42	2.125	-0.491106	-0.651045	-0.248561
HBOND	H_O_dist	43	2.175	-0.21609	-0.26818	0.197659
HBOND	H_O_dist	44	2.225	0.0537319	0.122926	0.638974
HBOND	H_O_dist	45	2.275	0.300892	0.568265	0.991035
HBOND	H_O_dist	46	2.325	0.535287	0.952833	1.31154
HBOND	H_O_dist	47	2.375	0.696673	1.35833	1.5945
HBOND	H_O_dist	48	2.425	0.861473	1.59153	1.89725
HBOND	H_O_dist	49	2.475	0.943317	1.91604	2.02332
HBOND	H_O_dist	50	2.525	1.08196	2.18683	2.24348
HBOND	H_O_dist	51	2.575	1.20352	2.37309	2.40202
HBOND	psi	0	0.0436332	12.82826	14.90658	14.61625
HBOND	psi	1	0.1309	12.42826	14.50658	14.21625
HBOND	psi	2	0.218166	12.02826	14.10658	13.81625
HBOND	psi	3	0.305433	11.62826	13.70658	13.41625
HBOND	psi	4	0.392699	11.22826	13.30658	13.01625
HBOND	psi	5	0.479966	10.82826	12.90658	12.61625
HBOND	psi	6	0.567232	10.42826	12.50658	12.21625
HBOND	psi	7	0.654498	10.02826	12.10658	11.81625
HBOND	psi	8	0.741765	9.62826	11.70658	11.41625
HBOND	psi	9	0.829031	9.22826	11.30658	11.01625
HBOND	psi	10	0.916298	8.82826	10.90658	10.61625
HBOND	psi	11	1.00356	8.42826	10.50658	10.21625
HBOND	psi	12	1.09083	8.02826	10.10658	9.81625
HBOND	psi	13	1.1781	6.99864	9.70658	9.41625
HBOND	psi	14	1.26536	6.52413	9.30658	9.01625
HBOND	psi	15	1.35263	6.27196	8.90658	8.61625
HBOND	psi	16	1.4399	5.92413	8.50658	8.21625
HBOND	psi	17	1.52716	4.46721	7.47696	7.18663
HBOND	psi	18	1.61443	3.59983	6.98052	6.11212
HBOND	psi	19	1.7017	2.78124	5.56214	5.48188
HBOND	psi	20	1.78896	2.0719	4.63955	4.42753
HBOND	psi	21	1.87623	1.52547	4.24108	3.80953
HBOND	psi	22	1.9635	0.929388	3.70584	2.75666
HBOND	psi	23	2.05076	0.435994	3.14341	1.93623
HBOND	psi	24	2.13803	0.00176258	2.52264	1.19624
HBOND	psi	25	2.22529	-0.389776	1.51927	0.279519
HBOND	psi	26	2.31256	-0.837334	0.226424	-0.457502
HBOND	psi	27	2.39983	-1.28804	-0.968525	-1.06747
HBOND	psi	28	2.48709	-1.57222	-1.87452	-1.52642
HBOND	psi	29	2.57436	-1.75562	-2.28734	-1.81089
HBOND	psi	30	2.66163	-1.7759	-2.1786	-1.86288
HBOND	psi	31	2.74889	-1.52889	-1.58307	-1.70785
HBOND	psi	32	2.83616	-1.02765	-0.491609	-1.35693
HBOND	psi	33	2.92343	-0.32914	0.990688	-0.813695
HBOND	psi	34	3.01069	0.49778	2.54094	-0.0765987
HBOND	psi	35	3.09796	1.73817	4.29297	1.19463
HBOND	omega	0	0.0436332	14.02826	15.30658	15.81625
HBOND	omega	1	0.1309	13.62826	14.90658	15.41625
HBOND	omega	2	0.218166	13.22826	14.50658	15.01625
HBOND	omega	3	0.305433	12.82826	14.10658	14.61625
HBOND	omega	4	0.392699	12.42826	13.70658	14.21625
HBOND	omega	5	0.479966	12.02826	13.30658	13.81625
HBOND	omega	6	0.567232	11.62826	12.90658	13.41625
HBOND	omega	7	0.654498	11.22826	12.50658	13.01625
HBOND	omega	8	0.741765	10.82826	12.10658	12.61625
HBOND	omega	9	0.829031	10.42826	11.70658	12.21625
HBOND	omega	10	0.916298	10.02826	11.30658	11.81625
HBOND	omega	11	1.00356	9.62826	10.90658	11.41625
HBOND	omega	12	1.09083	9.22826	10.50658	11.01625
HBOND	omega	13	1.1781	8.82826	10.10658	10.61625
HBOND	omega	14	1.26536	8.42826	9.70658	10.21625
HBOND	omega	15	1.35263	8.02826	9.30658	9.81625
HBOND	omega	16	1.4399	7.32567	8.90658	9.41625
HBOND	omega	17	1.52716	6.5022	8.50658	9.01625
HBOND	omega	18	1.61443	5.08382	5.66167	8.61625
HBOND	omega	19	1.7017	3.45975	5.31199	8.21625
HBOND	omega	20	1.78896	2.02191	4.60259	5.74815
HBOND	omega	21	1.87623	1.24902	3.78274	4.60533
HBOND	omega	22	1.9635	0.856296	3.19534	3.90143
HBOND	omega	23	2.05076	0.61441	2.78561	3.34411
HBOND	omega	24	2.13803	0.360821	2.21649	2.56236
HBOND	omega	25	2.22529	0.0011747	1.60243	1.83681
HBOND	omega	26	2.31256	-0.355402	1.02153	0.999688
HBOND	omega	27	2.39983	-0.67611	0.304204	0.207552
HBOND	omega	28	2.48709	-0.991501	-0.450032	-0.667224
HBOND	omega	29	2.57436	-1.31551	-1.25908	-1.42937
HBOND	omega	30	2.66163	-1.60541	-1.84753	-1.93053
HBOND	omega	31	2.74889	-1.7771	-2.14061	-2.10076
HBOND	omega	32	2.83616	-1.69466	-2.03447	-1.86091
HBOND	omega	33	2.92343	-1.36618	-1.51466	-1.40854
HBOND	omega	34	3.01069	-0.759144	-0.621446	-0.762612
HBOND	omega	35	3.09796	0.411779	0.804382	0.423158
HBOND	tau	0	-3.09796	-0.0975472843404863	1.49601796200255	0.593519076994198
HBOND	tau	1	-3.01069	-0.184542004920067	1.16992172437537	0.572072611510522
HBOND	tau	2	-2.92343	-0.282133777997402	0.817427862697269	0.544198066108141
HBOND	tau	3	-2.83616	-0.389445192107956	0.425239052466836	0.500784897723114
HBOND	tau	4	-2.74889	-0.520803044385339	-0.0102305284295646	0.438082963681661
HBOND	tau	5	-2.66163	-0.67676290157128	-0.484361587788539	0.367737157082331
HBOND	tau	6	-2.57436	-0.849841344785196	-0.984074196002231	0.30497688636769
HBOND	tau	7	-2.48709	-1.01613004504304	-1.46629529287142	0.262989949508739
HBOND	tau	8	-2.39983	-1.13628631309273	-1.87513177420829	0.24728281066019
HBOND	tau	9	-2.31256	-1.18063288712621	-2.16555656587992	0.258947908232801
HBOND	tau	10	-2.22529	-1.12969272193408	-2.30032495541672	0.296873098578157
HBOND	tau	11	-2.13803	-0.995985809799907	-2.26346652271563	0.355205986093334
HBOND	tau	12	-2.05076	-0.814917409185099	-2.06018280760996	0.430458509900723
HBOND	tau	13	-1.9635	-0.61837708008083	-1.72417196938631	0.513100370298925
HBOND	tau	14	-1.87623	-0.4325041852321	-1.29663868889418	0.589323458752824
HBOND	tau	15	-1.78896	-0.269725125981145	-0.82164084311348	0.639897839957025
HBOND	tau	16	-1.7017	-0.13987240460571	-0.336332586414631	0.660225911123228
HBOND	tau	17	-1.61443	-0.0452343113426066	0.127218617440198	0.647884253802429
HBOND	tau	18	-1.52716	0.0158558733195293	0.541227409428921	0.601728950315518
HBOND	tau	19	-1.4399	0.0521911774095805	0.890473941751797	0.529284983466675
HBOND	tau	20	-1.35263	0.0728316146995449	1.16189269284328	0.441390177461058
HBOND	tau	21	-1.26536	0.0892882902512906	1.36825525405256	0.335949244583972
HBOND	tau	22	-1.1781	0.110836141152861	1.53065126541692	0.209023018468729
HBOND	tau	23	-1.09083	0.134419896543208	1.67483782558696	0.0641939468544167
HBOND	tau	24	-1.00356	0.156609929524056	1.82436392741228	-0.0872959247837248
HBOND	tau	25	-0.916298	0.186559714345924	1.99863335949871	-0.225541840537109
HBOND	tau	26	-0.829031	0.226901005005519	2.22833817914757	-0.342330634885066
HBOND	tau	27	-0.741765	0.274586543960289	2.53922573219769	-0.436287017801436
HBOND	tau	28	-0.654498	0.315963516034644	2.92813589546927	-0.51618432982955
HBOND	tau	29	-0.567232	0.343552979017301	3.38901306696063	-0.582263775331995
HBOND	tau	30	-0.479966	0.361646202743461	3.88143205459529	-0.629650817219771
HBOND	tau	31	-0.392699	0.376442918992544	4.36556063392888	-0.657835489633033
HBOND	tau	32	-0.305433	0.388093567655548	4.84311525041983	-0.680624359071676
HBOND	tau	33	-0.218166	0.387921338445838	5.31932635442147	-0.696218430565468
HBOND	tau	34	-0.1309	0.388346947207999	5.7561628497886	-0.702618832545176
HBOND	tau	35	-0.0436332	0.404365608617099	6.1182718248297	-0.699349709203226
HBOND	tau	36	0.0436332	0.435356103023134	6.42517124384943	-0.688852546247823
HBOND	tau	37	0.1309	0.471830356815855	6.70651820359894	-0.680560842840458
HBOND	tau	38	0.218166	0.501512594329116	6.9790738769915	-0.679614626440968
HBOND	tau	39	0.305433	0.514336738571413	7.2539155465054	-0.686009935463088
HBOND	tau	40	0.392699	0.512376789944114	7.53258970075292	-0.687002610755643
HBOND	tau	41	0.479966	0.505944667417498	7.81615358971742	-0.673142049603011
HBOND	tau	42	0.567232	0.501829613757646	8.106571334227	-0.640649677419029
HBOND	tau	43	0.654498	0.503828932433674	8.40461296604786	-0.584094080459307
HBOND	tau	44	0.741765	0.514635011170934	8.70438765272519	-0.488559652790768
HBOND	tau	45	0.829031	0.549603416040675	8.98451657175803	-0.347611436182599
HBOND	tau	46	0.916298	0.597438269377808	9.18794072983582	-0.179263400417188
HBOND	tau	47	1.00356	0.636396415283901	9.24983134401048	-0.00591967688733987
HBOND	tau	48	1.09083	0.646276429042769	9.12774229075433	0.16016936196418
HBOND	tau	49	1.1781	0.643499487632896	8.86199015050428	0.32031331991981
HBOND	tau	50	1.26536	0.633358985518002	8.52557215666946	0.459611378858135
HBOND	tau	51	1.35263	0.610707399652165	8.1634696091448	0.568279750637754
HBOND	tau	52	1.4399	0.572608846365663	7.80564675264739	0.640956313762934
HBOND	tau	53	1.52716	0.529881680887269	7.45538012808817	0.676217753639572
HBOND	tau	54	1.61443	0.493119322098846	7.11062491278698	0.667205155793596
HBOND	tau	55	1.7017	0.462566858439146	6.7685169609928	0.623727902810854
HBOND	tau	56	1.78896	0.435061753364982	6.42627394899105	0.557403343106832
HBOND	tau	57	1.87623	0.408112567767054	6.08263283734188	0.476574312998812
HBOND	tau	58	1.9635	0.393154665519732	5.73740925188032	0.414939641135874
HBOND	tau	59	2.05076	0.397235138458178	5.3943469207366	0.380720868220725
HBOND	tau	60	2.13803	0.425117385422087	5.05933727127096	0.372823238633498
HBOND	tau	61	2.22529	0.479535249111648	4.74411558085125	0.387354650199715
HBOND	tau	62	2.31256	0.551385784436618	4.4592186475118	0.416759898719467
HBOND	tau	63	2.39983	0.607184689027942	4.19589707469881	0.446486353612046
HBOND	tau	64	2.48709	0.621070082956474	3.93646474228934	0.464513377322382
HBOND	tau	65	2.57436	0.608954987463461	3.65448841883649	0.477272203295676
HBOND	tau	66	2.66163	0.560057124699988	3.35002277006574	0.497353348425375
HBOND	tau	67	2.74889	0.476847940704484	3.03964030556142	0.520197419073976
HBOND	tau	68	2.83616	0.369051046335522	2.73646967659705	0.53802992148626
HBOND	tau	69	2.92343	0.250187649573074	2.43538571954086	0.548200825455778
HBOND	tau	70	3.01069	0.130459740383965	2.14018386391672	0.54903529891734
HBOND	tau	71	3.09796	0.0109168755772198	1.84547283029994	0.54869348139748
