HBOND	hbond_energies	0	0	-2	-3	-3.5
HBOND	H_O_dist	27	1.375	8.02826	9.50658	9.21625
HBOND	H_O_dist	28	1.425	5.91159	8.50658	8.21625
HBOND	H_O_dist	29	1.475	5.0745	7.3211	5.26249
HBOND	H_O_dist	30	1.525	4.53523	6.05312	4.54598
HBOND	H_O_dist	31	1.575	3.47791	5.01353	3.47485
HBOND	H_O_dist	32	1.625	2.39365	4.10595	2.57498
HBOND	H_O_dist	33	1.675	1.52012	2.93906	1.33701
HBOND	H_O_dist	34	1.725	0.643723	1.80738	0.395645
HBOND	H_O_dist	35	1.775	-0.0892368	0.657505	-0.478496
HBOND	H_O_dist	36	1.825	-0.622436	-0.248604	-1.06368
HBOND	H_O_dist	37	1.875	-0.92418	-0.915317	-1.35073
HBOND	H_O_dist	38	1.925	-1.06459	-1.27614	-1.4003
HBOND	H_O_dist	39	1.975	-1.06064	-1.34112	-1.25272
HBOND	H_O_dist	40	2.025	-0.914908	-1.24869	-0.974644
HBOND	H_O_dist	41	2.075	-0.715857	-1.01507	-0.642883
HBOND	H_O_dist	42	2.125	-0.491106	-0.651045	-0.248561
HBOND	H_O_dist	43	2.175	-0.21609	-0.26818	0.197659
HBOND	H_O_dist	44	2.225	0.0537319	0.122926	0.638974
HBOND	H_O_dist	45	2.275	0.300892	0.568265	0.991035
HBOND	H_O_dist	46	2.325	0.535287	0.952833	1.31154
HBOND	H_O_dist	47	2.375	0.696673	1.35833	1.5945
HBOND	H_O_dist	48	2.425	0.861473	1.59153	1.89725
HBOND	H_O_dist	49	2.475	0.943317	1.91604	2.02332
HBOND	H_O_dist	50	2.525	1.08196	2.18683	2.24348
HBOND	H_O_dist	51	2.575	1.20352	2.37309	2.40202
HBOND	psi	0	0.0436332	12.82826	14.90658	14.61625
HBOND	psi	1	0.1309	12.42826	14.50658	14.21625
HBOND	psi	2	0.218166	12.02826	14.10658	13.81625
HBOND	psi	3	0.305433	11.62826	13.70658	13.41625
HBOND	psi	4	0.392699	11.22826	13.30658	13.01625
HBOND	psi	5	0.479966	10.82826	12.90658	12.61625
HBOND	psi	6	0.567232	10.42826	12.50658	12.21625
HBOND	psi	7	0.654498	10.02826	12.10658	11.81625
HBOND	psi	8	0.741765	9.62826	11.70658	11.41625
HBOND	psi	9	0.829031	9.22826	11.30658	11.01625
HBOND	psi	10	0.916298	8.82826	10.90658	10.61625
HBOND	psi	11	1.00356	8.42826	10.50658	10.21625
HBOND	psi	12	1.09083	8.02826	10.10658	9.81625
HBOND	psi	13	1.1781	6.99864	9.70658	9.41625
HBOND	psi	14	1.26536	6.52413	9.30658	9.01625
HBOND	psi	15	1.35263	6.27196	8.90658	8.61625
HBOND	psi	16	1.4399	5.92413	8.50658	8.21625
HBOND	psi	17	1.52716	4.46721	7.47696	7.18663
HBOND	psi	18	1.61443	3.59983	6.98052	6.11212
HBOND	psi	19	1.7017	2.78124	5.56214	5.48188
HBOND	psi	20	1.78896	2.0719	4.63955	4.42753
HBOND	psi	21	1.87623	1.52547	4.24108	3.80953
HBOND	psi	22	1.9635	0.929388	3.70584	2.75666
HBOND	psi	23	2.05076	0.435994	3.14341	1.93623
HBOND	psi	24	2.13803	0.00176258	2.52264	1.19624
HBOND	psi	25	2.22529	-0.389776	1.51927	0.279519
HBOND	psi	26	2.31256	-0.837334	0.226424	-0.457502
HBOND	psi	27	2.39983	-1.28804	-0.968525	-1.06747
HBOND	psi	28	2.48709	-1.57222	-1.87452	-1.52642
HBOND	psi	29	2.57436	-1.75562	-2.28734	-1.81089
HBOND	psi	30	2.66163	-1.7759	-2.1786	-1.86288
HBOND	psi	31	2.74889	-1.52889	-1.58307	-1.70785
HBOND	psi	32	2.83616	-1.02765	-0.491609	-1.35693
HBOND	psi	33	2.92343	-0.32914	0.990688	-0.813695
HBOND	psi	34	3.01069	0.49778	2.54094	-0.0765987
HBOND	psi	35	3.09796	1.73817	4.29297	1.19463
HBOND	omega	0	0.0436332	14.02826	15.30658	15.81625
HBOND	omega	1	0.1309	13.62826	14.90658	15.41625
HBOND	omega	2	0.218166	13.22826	14.50658	15.01625
HBOND	omega	3	0.305433	12.82826	14.10658	14.61625
HBOND	omega	4	0.392699	12.42826	13.70658	14.21625
HBOND	omega	5	0.479966	12.02826	13.30658	13.81625
HBOND	omega	6	0.567232	11.62826	12.90658	13.41625
HBOND	omega	7	0.654498	11.22826	12.50658	13.01625
HBOND	omega	8	0.741765	10.82826	12.10658	12.61625
HBOND	omega	9	0.829031	10.42826	11.70658	12.21625
HBOND	omega	10	0.916298	10.02826	11.30658	11.81625
HBOND	omega	11	1.00356	9.62826	10.90658	11.41625
HBOND	omega	12	1.09083	9.22826	10.50658	11.01625
HBOND	omega	13	1.1781	8.82826	10.10658	10.61625
HBOND	omega	14	1.26536	8.42826	9.70658	10.21625
HBOND	omega	15	1.35263	8.02826	9.30658	9.81625
HBOND	omega	16	1.4399	7.32567	8.90658	9.41625
HBOND	omega	17	1.52716	6.5022	8.50658	9.01625
HBOND	omega	18	1.61443	5.08382	5.66167	8.61625
HBOND	omega	19	1.7017	3.45975	5.31199	8.21625
HBOND	omega	20	1.78896	2.02191	4.60259	5.74815
HBOND	omega	21	1.87623	1.24902	3.78274	4.60533
HBOND	omega	22	1.9635	0.856296	3.19534	3.90143
HBOND	omega	23	2.05076	0.61441	2.78561	3.34411
HBOND	omega	24	2.13803	0.360821	2.21649	2.56236
HBOND	omega	25	2.22529	0.0011747	1.60243	1.83681
HBOND	omega	26	2.31256	-0.355402	1.02153	0.999688
HBOND	omega	27	2.39983	-0.67611	0.304204	0.207552
HBOND	omega	28	2.48709	-0.991501	-0.450032	-0.667224
HBOND	omega	29	2.57436	-1.31551	-1.25908	-1.42937
HBOND	omega	30	2.66163	-1.60541	-1.84753	-1.93053
HBOND	omega	31	2.74889	-1.7771	-2.14061	-2.10076
HBOND	omega	32	2.83616	-1.69466	-2.03447	-1.86091
HBOND	omega	33	2.92343	-1.36618	-1.51466	-1.40854
HBOND	omega	34	3.01069	-0.759144	-0.621446	-0.762612
HBOND	omega	35	3.09796	0.411779	0.804382	0.423158
HBOND	tau	0	-3.09796	-0.118855	1.45334	0.585692
HBOND	tau	1	-3.01069	-0.148638	1.1967	0.56323
HBOND	tau	2	-2.92343	-0.326179	0.824924	0.556419
HBOND	tau	3	-2.83616	-0.368482	0.44768	0.516498
HBOND	tau	4	-2.74889	-0.491371	-0.02021	0.459456
HBOND	tau	5	-2.66163	-0.670422	-0.416534	0.352907
HBOND	tau	6	-2.57436	-0.812379	-0.970319	0.288565
HBOND	tau	7	-2.48709	-1.03393	-1.48601	0.275068
HBOND	tau	8	-2.39983	-1.15415	-1.88623	0.220809
HBOND	tau	9	-2.31256	-1.22868	-2.19652	0.268006
HBOND	tau	10	-2.22529	-1.1641	-2.33107	0.289864
HBOND	tau	11	-2.13803	-1.00298	-2.30571	0.368253
HBOND	tau	12	-2.05076	-0.78008	-2.07767	0.393886
HBOND	tau	13	-1.9635	-0.612955	-1.72129	0.51813
HBOND	tau	14	-1.87623	-0.429141	-1.28639	0.619456
HBOND	tau	15	-1.78896	-0.25235	-0.812958	0.63036
HBOND	tau	16	-1.7017	-0.142548	-0.336663	0.669487
HBOND	tau	17	-1.61443	-0.024928	0.156383	0.658151
HBOND	tau	18	-1.52716	0.00411752	0.534456	0.60867
HBOND	tau	19	-1.4399	0.0724136	0.922516	0.514869
HBOND	tau	20	-1.35263	0.0548973	1.20064	0.418712
HBOND	tau	21	-1.26536	0.0762073	1.34993	0.366848
HBOND	tau	22	-1.1781	0.104477	1.5411	0.212352
HBOND	tau	23	-1.09083	0.162151	1.64864	0.0764596
HBOND	tau	24	-1.00356	0.151166	1.87247	-0.0842287
HBOND	tau	25	-0.916298	0.163532	1.97192	-0.272749
HBOND	tau	26	-0.829031	0.216043	2.18043	-0.333797
HBOND	tau	27	-0.741765	0.288552	2.55022	-0.432568
HBOND	tau	28	-0.654498	0.323628	2.87824	-0.493182
HBOND	tau	29	-0.567232	0.36504	3.34867	-0.602262
HBOND	tau	30	-0.479966	0.338339	3.99572	-0.657694
HBOND	tau	31	-0.392699	0.359979	4.37622	-0.618116
HBOND	tau	32	-0.305433	0.420679	4.71785	-0.686505
HBOND	tau	33	-0.218166	0.413553	5.36214	-0.70157
HBOND	tau	34	-0.1309	0.339987	5.843885714	-0.702052
HBOND	tau	35	-0.0436332	0.394212	6.125631429	-0.712602
HBOND	tau	36	0.0436332	0.447866	6.407377143	-0.690414
HBOND	tau	37	0.1309	0.447866	6.689122857	-0.659205
HBOND	tau	38	0.218166	0.544228	6.970868571	-0.665725
HBOND	tau	39	0.305433	0.51237	7.252614286	-0.687972
HBOND	tau	40	0.392699	0.526183	7.53436	-0.707341
HBOND	tau	41	0.479966	0.473925	7.816105714	-0.660211
HBOND	tau	42	0.567232	0.51237	8.097851429	-0.62595
HBOND	tau	43	0.654498	0.536168	8.379597143	-0.594776
HBOND	tau	44	0.741765	0.462673	8.661342857	-0.532785
HBOND	tau	45	0.829031	0.528172	8.943088571	-0.356529
HBOND	tau	46	0.916298	0.594002	9.224834286	-0.159978
HBOND	tau	47	1.00356	0.718378	9.40658	0.0282836
HBOND	tau	48	1.09083	0.630821	9.164527857	0.118276
HBOND	tau	49	1.1781	0.564667	8.822475714	0.324247
HBOND	tau	50	1.26536	0.723206	8.480423571	0.485988
HBOND	tau	51	1.35263	0.575045	8.138371429	0.56323
HBOND	tau	52	1.4399	0.594002	7.796319286	0.624893
HBOND	tau	53	1.52716	0.510413	7.454267143	0.712189
HBOND	tau	54	1.61443	0.481497	7.112215	0.673295
HBOND	tau	55	1.7017	0.46641	6.770162857	0.594467
HBOND	tau	56	1.78896	0.458951	6.428110714	0.63036
HBOND	tau	57	1.87623	0.411779	6.086058571	0.423158
HBOND	tau	58	1.9635	0.36504	5.744006429	0.385268
HBOND	tau	59	2.05076	0.413553	5.401954286	0.396775
HBOND	tau	60	2.13803	0.418893	5.059902143	0.364044
HBOND	tau	61	2.22529	0.394212	4.71785	0.366848
HBOND	tau	62	2.31256	0.602544	4.43584	0.427624
HBOND	tau	63	2.39983	0.682895	4.17814	0.474977
HBOND	tau	64	2.48709	0.542207	3.99572	0.479681
HBOND	tau	65	2.57436	0.646384	3.66239	0.442656
HBOND	tau	66	2.66163	0.577134	3.3696	0.48757
HBOND	tau	67	2.74889	0.473925	2.97319	0.542934
HBOND	tau	68	2.83616	0.370126	2.79152	0.516498
HBOND	tau	69	2.92343	0.227769	2.37927	0.601544
HBOND	tau	70	3.01069	0.134911	2.18043	0.50193
HBOND	tau	71	3.09796	0.0100293	1.8353	0.559818
