new_CA_hbond:	hbond_energy	0	0	-0.260467	-2.63902	-1.37667	-3.00214	
new_CA_hbond:	N_O_dist	0	3.0375	2.78783	7.80591	5.48014	4.97723	11.1	0.1	0.1	6.1	170.1	23.1	10.1	66.1	
new_CA_hbond:	N_O_dist	1	3.1125	2.65783	8.40613	2.97799	3.61497	17.1	0.1	1.1	23.1	230.1	42.1	9.1	64.1	
new_CA_hbond:	N_O_dist	2	3.1875	1.74807	6.81254	5.8823	2.83236	54.1	1.1	0.1	52.1	293.1	94.1	15.1	66.1	
new_CA_hbond:	N_O_dist	3	3.2625	1.57325	9.54964	2.37562	2.53854	85.1	0.1	5.1	92.1	387.1	132.1	23.1	87.1	
new_CA_hbond:	N_O_dist	4	3.3375	1.20567	7.39275	1.06502	1.95245	159.1	1.1	27.1	211.1	501.1	168.1	33.1	111.1	
new_CA_hbond:	N_O_dist	5	3.4125	0.728298	5.91227	1.04143	1.23279	285.1	6.1	31.1	531.1	557.1	212.1	37.1	136.1	
new_CA_hbond:	N_O_dist	6	3.4875	0.394806	6.03603	0.0754998	0.633451	485.1	9.1	75.1	1102.1	679.1	358.1	34.1	155.1	
new_CA_hbond:	N_O_dist	7	3.5625	0.0667803	5.16674	-0.263837	0.16578	831.1	25.1	161.1	2383.1	838.1	414.1	52.1	210.1	
new_CA_hbond:	N_O_dist	8	3.6375	-0.279817	3.89994	-0.876863	-0.525011	1359.1	109.1	303.1	5547.1	969.1	507.1	53.1	245.1	
new_CA_hbond:	N_O_dist	9	3.7125	-0.574369	2.34463	-0.945838	-1.23022	2090.1	642.1	502.1	10679.1	1110.1	630.1	82.1	233.1	
new_CA_hbond:	N_O_dist	10	3.7875	-0.747543	0.892827	-1.15814	-1.56149	2821.1	3469.1	772.1	16213.1	1260.1	797.1	102.1	254.1	
new_CA_hbond:	N_O_dist	11	3.8625	-0.73094	-0.34489	-1.44761	-1.23541	3292.1	13656.1	910.1	16537.1	1495.1	910.1	90.1	359.1	
new_CA_hbond:	N_O_dist	12	3.9375	-0.625286	-1.05711	-0.964073	-0.903648	3164.1	30652.1	723.1	12595.1	1597.1	1002.1	116.1	381.1	
new_CA_hbond:	N_O_dist	13	4.0125	-0.399804	-1.13166	-0.41142	-0.334411	2851.1	37836.1	502.1	8026.1	1803.1	1148.1	140.1	429.1	
new_CA_hbond:	N_O_dist	14	4.0875	-0.131735	-0.739948	0.306422	0.272325	2518.1	28469.1	320.1	4783.1	2082.1	1278.1	183.1	469.1	
new_CA_hbond:	N_O_dist	15	4.1625	0.071726	-0.16393	0.885114	0.831371	2235.1	16116.1	197.1	2997.1	2265.1	1287.1	201.1	514.1	
new_CA_hbond:	N_O_dist	16	4.2375	0.278328	0.511312	1.25923	1.34221	2004.1	8331.1	122.1	2029.1	2497.1	1307.1	181.1	580.1	
new_CA_hbond:	N_O_dist	17	4.3125	0.446697	1.08126	1.75973	1.83121	1863.1	4553.1	87.1	1448.1	2747.1	1263.1	213.1	675.1	
new_CA_hbond:	N_O_dist	18	4.3875	0.612441	1.52052	2.01236	2.08967	1783.1	2881.1	72.1	1201.1	3103.1	1240.1	227.1	725.1	
new_CA_hbond:	N_O_dist	19	4.4625	0.721555	1.78124	1.99833	2.40468	1745.1	2141.1	83.1	926.1	3387.1	1196.1	258.1	766.1	
new_CA_hbond:	chi_i	0	1.61007	1.76961	2.52956	3.00426	3.59007	436.1	362.1	11.1	173.1	2414.13	427.535	94.265	468.516	
new_CA_hbond:	chi_i	1	1.68861	1.7846	2.58994	2.8036	3.42311	442.1	409.1	11.1	223.1	2484.32	513.094	77.127	510.996	
new_CA_hbond:	chi_i	2	1.76715	1.8896	2.54603	2.48966	3.41641	403.1	432.1	20.1	261.1	2515.93	518.658	102.032	594.039	
new_CA_hbond:	chi_i	3	1.84569	1.71692	2.51213	2.19743	3.15345	498.1	430.1	23.1	329.1	2615.83	499.048	87.5459	575.618	
new_CA_hbond:	chi_i	4	1.92423	1.70055	2.54929	2.49795	3.03423	537.1	461.1	23.1	438.1	2774.85	555.274	118.237	680.146	
new_CA_hbond:	chi_i	5	2.00277	1.51923	2.43716	2.46824	2.51991	619.1	461.1	35.1	598.1	2668.08	496.374	174.399	555.184	
new_CA_hbond:	chi_i	6	2.08131	1.40572	2.60856	2.65128	2.46566	700.1	456.1	36.1	846.1	2693.39	582.791	215.396	743.916	
new_CA_hbond:	chi_i	7	2.15984	1.24541	2.46937	2.42147	2.15208	872.1	474.1	54.1	1136.1	2858.13	527.074	256.521	730.017	
new_CA_hbond:	chi_i	8	2.23838	1.09033	2.46131	1.44536	1.94553	1071.1	580.1	120.1	1628.1	3006.06	639.746	214.56	850.931	
new_CA_hbond:	chi_i	9	2.31692	0.943657	2.71414	1.55175	1.6823	1323.1	725.1	132.1	2209.1	3206.72	1029.69	262.489	887.378	
new_CA_hbond:	chi_i	10	2.39546	0.899483	2.784	1.14903	1.47768	1531.1	1066.1	207.1	2771.1	3550.48	1623.46	275.101	907.15	
new_CA_hbond:	chi_i	11	2.474	0.718403	2.53259	1.0836	1.30145	1926.1	1773.1	317.1	3342.1	3726.67	2099.88	394.542	917.303	
new_CA_hbond:	chi_i	12	2.55254	0.562652	1.94239	0.580898	0.952025	2322.1	3823.1	581.1	4331.1	3844.86	2509.31	437.346	838.18	
new_CA_hbond:	chi_i	13	2.63108	0.470047	0.974428	0.00178123	0.658387	2635.1	10655.1	996.1	5952.1	3977.22	2656.54	420.117	858.784	
new_CA_hbond:	chi_i	14	2.70962	0.3882	-0.0942516	-0.0505253	0.233232	2807.1	34148.1	837.1	8405.1	3903.86	2924.17	335.064	792.71	
new_CA_hbond:	chi_i	15	2.78816	0.131304	-0.485345	0.222309	-0.245276	3068.1	50873.1	525.1	12469.1	3300.18	2946.29	276.111	728.775	
new_CA_hbond:	chi_i	16	2.8667	-0.0424803	0.0868456	0.152951	-0.714898	3225.1	26949.1	407.1	16855.1	2915.66	2765.86	199.719	615.936	
new_CA_hbond:	chi_i	17	2.94524	-0.27399	1.00656	-0.184187	-0.773033	2607.1	9134.1	313.1	14282.1	1869.86	2351.68	109.644	492.434	
new_CA_hbond:	chi_i	18	3.02378	-0.410467	1.50829	-0.555178	-1.04637	1863.1	4083.1	195.1	8445.1	1165.78	1736.21	47.1455	221.54	
new_CA_hbond:	chi_i	19	3.10232	-0.474557	1.40712	0.0640612	-0.891273	767.1	1603.1	50.1	2688.1	450.192	616.074	22.4881	82.3475	
new_CA_hbond:	chi_j	0	1.61007	2.47636	5.96012	2.53882	2.9964	66.1	2.1	5.1	159.1	741.845	76.6014	27.1932	237.831	
new_CA_hbond:	chi_j	1	1.68861	2.29109	6.4285	2.74498	2.85924	100.1	3.1	4.1	205.1	933.442	180.631	26.8662	267.301	
new_CA_hbond:	chi_j	2	1.76715	2.25816	5.14426	2.94685	2.92944	123.1	17.1	6.1	232.1	1110.73	275.859	48.913	324.485	
new_CA_hbond:	chi_j	3	1.84569	2.00923	5.14121	2.72851	2.69894	185.1	36.1	9.1	314.1	1302.11	580.597	58.6559	348.726	
new_CA_hbond:	chi_j	4	1.92423	2.07401	4.89778	2.55888	2.73229	228.1	104.1	13.1	359.1	1711.99	1312.51	71.2647	412.204	
new_CA_hbond:	chi_j	5	2.00277	1.80865	4.58801	2.0864	2.31912	342.1	235.1	26.1	598.1	1969.17	2174.54	88.521	454.188	
new_CA_hbond:	chi_j	6	2.08131	1.6535	4.28577	2.16744	2.27514	453.1	483.1	36.1	825.1	2233.28	3302.89	132.772	599.609	
new_CA_hbond:	chi_j	7	2.15984	1.41696	3.79847	1.64605	2.06836	675.1	941.1	71.1	1212.1	2626.57	3952.4	155.251	716.298	
new_CA_hbond:	chi_j	8	2.23838	1.38933	2.46871	1.47407	1.87911	866.1	3431.1	97.1	1567.1	3277.86	3811.96	178.523	766.415	
new_CA_hbond:	chi_j	9	2.31692	1.24016	0.10191	1.42293	1.6939	1209.1	39107.1	164.1	2128.1	3941.85	4074.59	286.664	864.815	
new_CA_hbond:	chi_j	10	2.39546	1.03708	-0.649127	1.12334	1.47554	1608.1	96921.1	242.1	2787.1	4279.1	4765.14	313.436	910.438	
new_CA_hbond:	chi_j	11	2.474	0.875076	1.49125	0.910398	1.45614	2080.1	7191.1	370.1	3595.1	4707.26	3006.13	387.252	1151.82	
new_CA_hbond:	chi_j	12	2.55254	0.724229	2.4645	0.856112	1.17508	2587.1	420.1	375.1	4640.1	5034.83	464.774	371.745	1122.37	
new_CA_hbond:	chi_j	13	2.63108	0.593529	3.89814	0.82345	0.929277	3113.1	6.1	462.1	5903.1	5316.22	28.3034	443.251	1116.71	
new_CA_hbond:	chi_j	14	2.70962	0.423141	5.66664	0.605142	0.596374	3486.1	0.1	526.1	7689.1	5020.54	2.71995	405.669	1042.7	
new_CA_hbond:	chi_j	15	2.78816	0.230719	6.30434	0.369918	0.256783	3428.1	0.1	581.1	9659.1	4072.84	5.14646	354.159	932.688	
new_CA_hbond:	chi_j	16	2.8667	0.0646865	4.9426	0.266819	-0.253247	3188.1	0.1	632.1	12041.1	3208.25	1.3186	347.502	698.172	
new_CA_hbond:	chi_j	17	2.94524	-0.0781935	4.90381	-0.190112	-0.555025	2740.1	0.1	614.1	14668.1	2390.29	1.26843	213.781	628.941	
new_CA_hbond:	chi_j	18	3.02378	-0.268758	4.90381	-0.23959	-1.15766	2137.1	0.1	470.1	13799.1	1540.81	1.26843	155.751	323.865	
new_CA_hbond:	chi_j	19	3.10232	-0.626758	2.36344	-0.418219	-1.03775	1038.1	0.1	190.1	5001.1	523.221	0.1	52.68	132.329	
new_CA_hbond:	tau	0	-2.98451	0.398173	4.48115	1.38341	0.363345	1962.1	14.1	252.1	3207.1	2756.06	117.2	423.327	344.502	
new_CA_hbond:	tau	1	-2.67035	0.235288	6.01694	1.984	2.16273	2746.1	4.1	134.1	739.1	3277.51	158.298	410.546	480.003	
new_CA_hbond:	tau	2	-2.35619	0.529608	4.93736	2.24029	3.35009	2524.1	29.1	99.1	309.1	4043.48	381.708	392.025	658.117	
new_CA_hbond:	tau	3	-2.04204	0.769369	4.099	2.24267	3.84812	1953.1	422.1	87.1	270.1	3976.49	2394.18	345.376	946.281	
new_CA_hbond:	tau	4	-1.72788	0.948424	4.19408	2.23215	2.9174	1350.1	1314.1	52.1	768.1	3287.79	8197.18	204.428	1060.99	
new_CA_hbond:	tau	5	-1.41372	1.16625	2.74696	3.1934	2.36949	991.1	5399.1	9.1	1253.1	3000.92	7922.87	93.3711	1000.74	
new_CA_hbond:	tau	6	-1.09956	0.682005	-0.608715	4.68373	1.86752	1481.1	110864	1.1	1642.1	2763.24	5675.43	50.096	793.84	
new_CA_hbond:	tau	7	-0.785398	0.452775	-0.0473677	6.01429	0.433547	1891.1	30687.1	0.1	3831.1	2805.4	2753.94	17.2293	441.459	
new_CA_hbond:	tau	8	-0.471239	0.450345	2.7088	5.95735	-0.958131	2110.1	71.1	0.1	9737.1	3122.69	100.428	16.2757	278.996	
new_CA_hbond:	tau	9	-0.15708	0.457374	2.36344	-1.5328	-0.975859	2375.1	0.1	1.1	7523.1	3539.65	0.1	0.1	211.771	
new_CA_hbond:	tau	10	0.15708	0.897215	2.36344	3.37768	0.637272	963.1	0.1	0.1	1495.1	2228.28	0.1	1.23367	211.21	
new_CA_hbond:	tau	11	0.471239	1.37724	5.96225	0.865096	2.71123	385.1	0.1	0.1	252.1	1439.94	3.65546	0.1	283.351	
new_CA_hbond:	tau	12	0.785398	1.68881	5.55674	2.45865	3.51478	309.1	0.1	2.1	207.1	1578.27	2.43686	10.3346	519.886	
new_CA_hbond:	tau	13	1.09956	1.68323	6.30434	2.43785	3.25429	398.1	0.1	8.1	427.1	2021.4	5.14646	39.0412	826.287	
new_CA_hbond:	tau	14	1.41372	1.65743	6.55373	3.32946	3.49352	510.1	0.1	6.1	435.1	2524.12	6.60418	71.7115	1069.27	
new_CA_hbond:	tau	15	1.72788	1.41434	5.38389	2.51134	2.66246	795.1	3.1	34.1	1096.1	3085.36	63.5512	176.892	1173.34	
new_CA_hbond:	tau	16	2.04204	0.539538	5.6421	0.886446	0.884396	1808.1	2.1	376.1	5844.1	2925.39	55.7344	384.216	1057.03	
new_CA_hbond:	tau	17	2.35619	0.422316	7.7891	-0.158683	-0.18044	1894.1	0.1	1630.1	12343.1	2725.56	22.7159	585.589	769.733	
new_CA_hbond:	tau	18	2.67035	0.415698	3.64475	-0.351624	-0.964661	1708.1	16.1	1558.1	20574.1	2441.7	57.9815	461.51	585.671	
new_CA_hbond:	tau	19	2.98451	0.528547	2.68553	0.475913	-1.22237	1499.1	72.1	644.1	15429.1	2398.94	99.4981	436.449	339.431	
#	hbond_energy_by_chain_length	51	-0.100541	-1.63845	-1.18958	-2.90188	
#	hbond_energy_by_chain_length	52	0.0660901	-2.00653	-0.362905	-2.4106	
#	hbond_energy_by_chain_length	55	0.0173917	-1.63761	-1.79176	-3.02852	
#	hbond_energy_by_chain_length	57	0.309122	-1.90166	-2.00393	-2.61385	
#	hbond_energy_by_chain_length	58	-0.114797	-1.98893	-1.36032	-3.1929	
#	hbond_energy_by_chain_length	59	0.541916	-2.17341	-0.287682	-2.58669	
#	hbond_energy_by_chain_length	60	0.325422	-1.89959	-1.94591	-2.67553	
#	hbond_energy_by_chain_length	61	-0.308091	-2.41777	-1.40399	-2.76175	
#	hbond_energy_by_chain_length	62	-0.471423	-1.30701	-1.71765	-2.82785	
#	hbond_energy_by_chain_length	63	0.0200007	-2.18737	-2.0149	-2.77825	
#	hbond_energy_by_chain_length	64	-0.822359	-1.52088	-2.30259	-3.56247	
#	hbond_energy_by_chain_length	65	-0.223144	-2.43675	-0.622878	-2.5773	
#	hbond_energy_by_chain_length	66	-0.162519	-2.08091	-2.26176	-2.81975	
#	hbond_energy_by_chain_length	67	0.0960147	-1.70405	-2.11021	-3.16663	
#	hbond_energy_by_chain_length	68	-0.241061	-2.50316	-1.77307	-2.3956	
#	hbond_energy_by_chain_length	69	0.0906912	-2.51126	-1.58127	-3.10187	
#	hbond_energy_by_chain_length	70	-0.13787	-2.58124	-1.20397	-3.37355	
#	hbond_energy_by_chain_length	71	-0.4379	-2.18122	-1.56862	-2.67101	
#	hbond_energy_by_chain_length	72	-0.532514	-2.26591	-1.54411	-2.89916	
#	hbond_energy_by_chain_length	73	0.0269294	-2.56031	-1.62049	-2.96298	
#	hbond_energy_by_chain_length	74	-0.15324	-2.48039	-1.40877	-2.78174	
#	hbond_energy_by_chain_length	75	0.0138891	-2.49506	-1.20967	-2.49925	
#	hbond_energy_by_chain_length	76	-0.074108	-2.19981	-1.94591	-3.27632	
#	hbond_energy_by_chain_length	77	0.0173917	-2.3108	-1.56862	-2.83588	
#	hbond_energy_by_chain_length	78	0.182322	-2.05007	-2.06369	-2.88461	
#	hbond_energy_by_chain_length	79	-0.518794	-2.67157	-2.77259	-3.03013	
#	hbond_energy_by_chain_length	80	-0.136336	-2.52648	-2.48491	-2.80731	
#	hbond_energy_by_chain_length	81	-0.0257525	-2.23556	-1.43848	-2.66226	
#	hbond_energy_by_chain_length	82	-0.579312	-2.60132	-1.79176	-2.80336	
#	hbond_energy_by_chain_length	83	-0.131802	-2.06983	-0.879832	-3.01289	
#	hbond_energy_by_chain_length	84	0.173569	-2.17897	-2.0149	-3.06805	
#	hbond_energy_by_chain_length	85	-0.380772	-2.09323	-1.79176	-3.12257	
#	hbond_energy_by_chain_length	86	-0.0590177	-2.38591	-1.55814	-3.37997	
#	hbond_energy_by_chain_length	87	0.0243915	-2.56567	-1.6864	-2.87313	
#	hbond_energy_by_chain_length	88	-0.320307	-2.47552	-1.20984	-2.91618	
#	hbond_energy_by_chain_length	89	-0.387338	-2.56171	-1.40399	-2.91912	
#	hbond_energy_by_chain_length	90	-0.206614	-2.30259	-1.33977	-3.03427	
#	hbond_energy_by_chain_length	91	-0.487703	-1.8587	-2.0149	-3.31782	
#	hbond_energy_by_chain_length	92	-0.346758	-2.15176	-1.695	-3.14544	
#	hbond_energy_by_chain_length	93	-0.483427	-1.8952	-1.29928	-2.84428	
#	hbond_energy_by_chain_length	94	-0.029853	-2.89373	-1.65823	-2.8679	
#	hbond_energy_by_chain_length	95	-0.324957	-2.24596	-1.67805	-2.96543	
#	hbond_energy_by_chain_length	96	-0.315853	-2.07788	-1.26113	-3.52046	
#	hbond_energy_by_chain_length	97	0.0100503	-2.22235	-1.6864	-2.88418	
#	hbond_energy_by_chain_length	98	-0.481097	-2.39194	-1.26323	-3.19662	
#	hbond_energy_by_chain_length	99	-0.139332	-2.28085	-1.41755	-3.21005	
#	hbond_energy_by_chain_length	100	-0.107246	-2.46875	-1.27046	-2.96756	
#	hbond_energy_by_chain_length	101	-0.128172	-2.42625	-1.35077	-2.97839	
#	hbond_energy_by_chain_length	102	-0.278599	-2.2958	-1.24653	-2.96637	
#	hbond_energy_by_chain_length	103	-0.256253	-2.34233	-1.79176	-2.94019	
#	hbond_energy_by_chain_length	104	-0.0927129	-2.54809	-1.28072	-2.98784	
#	hbond_energy_by_chain_length	105	0.0645385	-2.52852	-2.0149	-3.10061	
#	hbond_energy_by_chain_length	106	-0.200625	-2.52484	-1.68858	-2.84224	
#	hbond_energy_by_chain_length	107	-0.201686	-2.50673	-1.04145	-2.83107	
#	hbond_energy_by_chain_length	108	-0.0909718	-2.61964	-1.41227	-2.95159	
#	hbond_energy_by_chain_length	109	-0.384188	-2.43302	-2.36712	-2.96075	
#	hbond_energy_by_chain_length	110	-0.071459	-2.97631	-2.11021	-2.66921	
#	hbond_energy_by_chain_length	111	-0.162795	-2.37627	-1.34993	-3.37102	
#	hbond_energy_by_chain_length	112	-0.300892	-2.5655	-1.53687	-3.06291	
#	hbond_energy_by_chain_length	113	-0.393145	-2.42415	-1.0116	-3.26449	
#	hbond_energy_by_chain_length	114	0.00504936	-2.48143	-1.25684	-3.05896	
#	hbond_energy_by_chain_length	115	-0.0512933	-2.30259	-1.1474	-3.21888	
#	hbond_energy_by_chain_length	116	-0.317609	-2.71411	-1.50692	-2.82684	
#	hbond_energy_by_chain_length	117	-0.162664	-2.82034	-1.96714	-3.03789	
#	hbond_energy_by_chain_length	118	-0.0798223	-2.52093	-1.70952	-2.75069	
#	hbond_energy_by_chain_length	119	0.131336	-2.69409	-1.6864	-3.20227	
#	hbond_energy_by_chain_length	120	-0.288931	-2.9974	-0.926762	-2.87938	
#	hbond_energy_by_chain_length	121	-0.163501	-2.45343	-1.382	-3.05668	
#	hbond_energy_by_chain_length	122	-0.22669	-2.60448	-1.38524	-2.97975	
#	hbond_energy_by_chain_length	123	-0.220212	-2.61698	-1.14058	-3.19743	
#	hbond_energy_by_chain_length	124	-0.344234	-2.80928	-1.85836	-3.13607	
#	hbond_energy_by_chain_length	125	-0.449773	-2.73368	-2.38229	-3.44568	
#	hbond_energy_by_chain_length	126	-0.303905	-2.66017	-1.5433	-3.19548	
#	hbond_energy_by_chain_length	127	-0.306374	-2.66797	-2.0149	-3.30322	
#	hbond_energy_by_chain_length	128	-0.565095	-2.61885	-2.26176	-3.10659	
#	hbond_energy_by_chain_length	129	-0.284387	-2.86019	-1.06289	-3.14939	
#	hbond_energy_by_chain_length	130	-0.512214	-2.68827	-1.71926	-3.22877	
#	hbond_energy_by_chain_length	131	-0.0853598	-2.88156	-1.45143	-2.99634	
#	hbond_energy_by_chain_length	132	-0.126041	-2.82285	-1.0116	-3.16407	
#	hbond_energy_by_chain_length	133	-0.451985	-2.88854	-1.29928	-3.16407	
#	hbond_energy_by_chain_length	134	-0.00128123	-2.82244	-2.21112	-3.06694	
#	hbond_energy_by_chain_length	135	-0.366463	-2.5205	-1.01857	-3.03473	
#	hbond_energy_by_chain_length	136	-0.405465	-2.38026	-1.09861	-2.76166	
#	hbond_energy_by_chain_length	137	-0.326028	-2.87251	-1.20039	-3.41568	
#	hbond_energy_by_chain_length	138	-0.428455	-2.41282	-1.31219	-3.14389	
#	hbond_energy_by_chain_length	139	-0.23713	-2.5691	-1.79176	-3.03608	
#	hbond_energy_by_chain_length	140	-0.134487	-2.92871	-0.849766	-2.99862	
#	hbond_energy_by_chain_length	141	-0.146954	-2.71602	-0.916291	-2.87384	
#	hbond_energy_by_chain_length	142	-0.139113	-3.02179	-1.47331	-2.83065	
#	hbond_energy_by_chain_length	143	-0.472359	-2.819	-0.955511	-2.64029	
#	hbond_energy_by_chain_length	144	-0.386597	-2.8919	-1.50408	-2.96269	
#	hbond_energy_by_chain_length	145	-0.522829	-2.92463	-1.63269	-2.91936	
#	hbond_energy_by_chain_length	146	0.040328	-3.1173	-0.793231	-2.46891	
#	hbond_energy_by_chain_length	147	-0.221273	-3.13635	-0.587787	-2.98775	
#	hbond_energy_by_chain_length	148	-0.105762	-2.97704	-1.25427	-3.01256	
#	hbond_energy_by_chain_length	149	-0.036814	-3.04896	-1.8397	-3.12665	
#	hbond_energy_by_chain_length	150	-0.278566	-2.69663	-1.65628	-2.95861	
#	hbond_energy_by_chain_length	151	-0.421381	-2.93623	-0.890973	-2.86627	
#	hbond_energy_by_chain_length	152	-0.226074	-3.16365	-1.06087	-3.00036	
#	hbond_energy_by_chain_length	153	-0.287682	-3.06399	-1.14513	-2.97808	
#	hbond_energy_by_chain_length	154	-0.0466871	-2.91454	-1.09861	-3.04732	
#	hbond_energy_by_chain_length	155	-0.566044	-2.88065	-1.06784	-3.42058	
#	hbond_energy_by_chain_length	156	-0.650588	-3.04638	-1.09861	-2.84491	
#	hbond_energy_by_chain_length	157	-0.222461	-3.04729	-0.916291	-3.01606	
#	hbond_energy_by_chain_length	158	-0.501211	-2.46385	-0.566733	-3.2796	
#	hbond_energy_by_chain_length	159	-0.498124	-2.85291	-0.587787	-3.31237	
#	hbond_energy_by_chain_length	160	-0.166358	-3.26562	-1.79176	-3.19956	
#	hbond_energy_by_chain_length	161	-0.508843	-3.03255	-1.09861	-3.10329	
#	hbond_energy_by_chain_length	162	-0.273085	-3.03101	-1.36949	-2.89538	
#	hbond_energy_by_chain_length	163	-0.0395308	-2.81123	-1.09861	-2.97553	
#	hbond_energy_by_chain_length	164	-0.15332	-3.00512	-1.15323	-2.85349	
#	hbond_energy_by_chain_length	165	-0.36501	-2.9843	-1.40877	-3.06603	
#	hbond_energy_by_chain_length	166	-0.427616	-3.15373	-0.831452	-2.73337	
#	hbond_energy_by_chain_length	167	-0.480973	-2.75347	-1.26567	-3.15864	
#	hbond_energy_by_chain_length	168	-0.259109	-3.32932	-1.37451	-2.34489	
#	hbond_energy_by_chain_length	169	-0.249304	-3.07106	-0.847298	-3.17805	
#	hbond_energy_by_chain_length	170	-0.15467	-2.83065	-1.06224	-2.92043	
#	hbond_energy_by_chain_length	171	-0.297901	-2.68172	-1.34373	-3.05128	
#	hbond_energy_by_chain_length	172	-0.708407	-2.95611	-1.42378	-2.64259	
#	hbond_energy_by_chain_length	173	-0.620576	-2.8832	-1.03407	-2.87713	
#	hbond_energy_by_chain_length	174	-0.31796	-2.85552	-0.403195	-3.18497	
#	hbond_energy_by_chain_length	175	-1.11453	-2.52887	-0.864997	-3.49878	
#	hbond_energy_by_chain_length	176	-0.580857	-2.82132	-1.5208	-2.91073	
#	hbond_energy_by_chain_length	177	-0.635328	-3.01763	-2.15466	-3.11956	
#	hbond_energy_by_chain_length	178	-0.525949	-2.8597	-1.1944	-3.12773	
#	hbond_energy_by_chain_length	179	-0.477439	-3.33462	-0.663294	-2.98504	
#	hbond_energy_by_chain_length	180	-0.177571	-3.52636	-1.15924	-3.05071	
#	hbond_energy_by_chain_length	181	-0.66529	-2.63009	-1.79176	-3.15167	
#	hbond_energy_by_chain_length	182	-0.610522	-2.84064	-0.885519	-3.3219	
#	hbond_energy_by_chain_length	183	-0.343907	-2.58289	-0.944462	-3.26236	
#	hbond_energy_by_chain_length	184	-0.115836	-2.71608	-1.25684	-3.53938	
#	hbond_energy_by_chain_length	185	-0.238553	-2.91677	-1.13298	-3.02203	
#	hbond_energy_by_chain_length	186	-0.282388	-2.88002	-0.788457	-2.95384	
#	hbond_energy_by_chain_length	187	-0.385921	-3.80261	-1.09861	-2.73003	
#	hbond_energy_by_chain_length	188	-0.667109	-3.16919	-1.04982	-3.09751	
#	hbond_energy_by_chain_length	189	-0.61372	-2.97511	-1.23214	-3.27058	
#	hbond_energy_by_chain_length	190	-0.177983	-3.47689	-1.30737	-2.74861	
#	hbond_energy_by_chain_length	192	-0.373572	-3.22919	-0.182322	-3.00331	
#	hbond_energy_by_chain_length	193	-0.470004	-2.82368	-0.904456	-3.38039	
#	hbond_energy_by_chain_length	194	-0.265446	-3.19192	-0.704197	-3.08902	
#	hbond_energy_by_chain_length	195	0.0512933	-3.06778	-1.87692	-2.99323	
#	hbond_energy_by_chain_length	196	-0.619741	-2.77926	-0.541597	-3.17109	
#	hbond_energy_by_chain_length	197	-0.335384	-3.08582	-0.505095	-3.00653	
#	hbond_energy_by_chain_length	198	-0.291521	-3.25535	-2.04307	-2.6191	
#	hbond_energy_by_chain_length	199	-0.423484	-2.95692	-1.02962	-2.99253	
#	hbond_energy_by_chain_length	200	-0.447937	-3.35816	-0.728239	-2.91762	
