#forbidden_phi_psi: Mon Sep 14 18:17:59 2009
#
-171	-171	0	675.1	-180	-180	0	0	0	
-153	-171	0	965.1	-162	-180	1	0	1	
-135	-171	0	738.1	-144	-180	2	0	2	
-117	-171	0	556.1	-126	-180	3	0	3	
-99	-171	0	739.1	-108	-180	4	0	4	
-81	-171	0	1003.1	-90	-180	5	0	5	
-63	-171	0	62.1	-72	-180	6	0	6	
-45	-171	1	1.1	-54	-180	7	0	7	
-27	-171	1	1.1	-36	-180	8	0	8	
-9	-171	1	0.1	-18	-180	9	0	9	
9	-171	1	0.1	0	-180	10	0	10	
27	-171	1	0.1	18	-180	11	0	11	
45	-171	1	1.1	36	-180	12	0	12	
63	-171	0	153.1	54	-180	13	0	13	
81	-171	0	475.1	72	-180	14	0	14	
99	-171	0	183.1	90	-180	15	0	15	
117	-171	0	150.1	108	-180	16	0	16	
135	-171	0	183.1	126	-180	17	0	17	
153	-171	0	237.1	144	-180	18	0	18	
171	-171	0	434.1	162	-180	19	0	19	
-171	-153	0	141.1	-180	-162	0	1	20	
-153	-153	0	164.1	-162	-162	1	1	21	
-135	-153	0	168.1	-144	-162	2	1	22	
-117	-153	0	176.1	-126	-162	3	1	23	
-99	-153	0	258.1	-108	-162	4	1	24	
-81	-153	0	146.1	-90	-162	5	1	25	
-63	-153	1	6.1	-72	-162	6	1	26	
-45	-153	1	2.1	-54	-162	7	1	27	
-27	-153	1	0.1	-36	-162	8	1	28	
-9	-153	1	1.1	-18	-162	9	1	29	
9	-153	1	0.1	0	-162	10	1	30	
27	-153	1	0.1	18	-162	11	1	31	
45	-153	0	31.1	36	-162	12	1	32	
63	-153	0	397.1	54	-162	13	1	33	
81	-153	0	272.1	72	-162	14	1	34	
99	-153	0	125.1	90	-162	15	1	35	
117	-153	0	85.1	108	-162	16	1	36	
135	-153	0	116.1	126	-162	17	1	37	
153	-153	0	139.1	144	-162	18	1	38	
171	-153	0	208.1	162	-162	19	1	39	
-171	-135	0	24.1	-180	-144	0	2	40	
-153	-135	0	37.1	-162	-144	1	2	41	
-135	-135	0	67.1	-144	-144	2	2	42	
-117	-135	0	118.1	-126	-144	3	2	43	
-99	-135	0	136.1	-108	-144	4	2	44	
-81	-135	0	36.1	-90	-144	5	2	45	
-63	-135	1	3.1	-72	-144	6	2	46	
-45	-135	1	2.1	-54	-144	7	2	47	
-27	-135	1	0.1	-36	-144	8	2	48	
-9	-135	1	0.1	-18	-144	9	2	49	
9	-135	1	0.1	0	-144	10	2	50	
27	-135	1	3.1	18	-144	11	2	51	
45	-135	0	256.1	36	-144	12	2	52	
63	-135	0	598.1	54	-144	13	2	53	
81	-135	0	70.1	72	-144	14	2	54	
99	-135	0	42.1	90	-144	15	2	55	
117	-135	0	27.1	108	-144	16	2	56	
135	-135	0	26.1	126	-144	17	2	57	
153	-135	0	46.1	144	-144	18	2	58	
171	-135	0	44.1	162	-144	19	2	59	
-171	-117	1	6.1	-180	-126	0	3	60	
-153	-117	0	24.1	-162	-126	1	3	61	
-135	-117	0	55.1	-144	-126	2	3	62	
-117	-117	0	70.1	-126	-126	3	3	63	
-99	-117	0	55.1	-108	-126	4	3	64	
-81	-117	1	11.1	-90	-126	5	3	65	
-63	-117	1	2.1	-72	-126	6	3	66	
-45	-117	1	1.1	-54	-126	7	3	67	
-27	-117	1	0.1	-36	-126	8	3	68	
-9	-117	1	0.1	-18	-126	9	3	69	
9	-117	1	2.1	0	-126	10	3	70	
27	-117	1	7.1	18	-126	11	3	71	
45	-117	0	151.1	36	-126	12	3	72	
63	-117	0	250.1	54	-126	13	3	73	
81	-117	0	29.1	72	-126	14	3	74	
99	-117	1	18.1	90	-126	15	3	75	
117	-117	1	5.1	108	-126	16	3	76	
135	-117	1	8.1	126	-126	17	3	77	
153	-117	1	6.1	144	-126	18	3	78	
171	-117	1	8.1	162	-126	19	3	79	
-171	-99	1	4.1	-180	-108	0	4	80	
-153	-99	1	16.1	-162	-108	1	4	81	
-135	-99	0	49.1	-144	-108	2	4	82	
-117	-99	0	82.1	-126	-108	3	4	83	
-99	-99	0	69.1	-108	-108	4	4	84	
-81	-99	1	18.1	-90	-108	5	4	85	
-63	-99	1	2.1	-72	-108	6	4	86	
-45	-99	1	0.1	-54	-108	7	4	87	
-27	-99	1	1.1	-36	-108	8	4	88	
-9	-99	1	0.1	-18	-108	9	4	89	
9	-99	1	1.1	0	-108	10	4	90	
27	-99	1	1.1	18	-108	11	4	91	
45	-99	1	9.1	36	-108	12	4	92	
63	-99	1	17.1	54	-108	13	4	93	
81	-99	1	8.1	72	-108	14	4	94	
99	-99	1	14.1	90	-108	15	4	95	
117	-99	1	5.1	108	-108	16	4	96	
135	-99	1	3.1	126	-108	17	4	97	
153	-99	1	1.1	144	-108	18	4	98	
171	-99	1	1.1	162	-108	19	4	99	
-171	-81	1	4.1	-180	-90	0	5	100	
-153	-81	1	14.1	-162	-90	1	5	101	
-135	-81	0	69.1	-144	-90	2	5	102	
-117	-81	0	122.1	-126	-90	3	5	103	
-99	-81	0	115.1	-108	-90	4	5	104	
-81	-81	0	58.1	-90	-90	5	5	105	
-63	-81	1	7.1	-72	-90	6	5	106	
-45	-81	1	5.1	-54	-90	7	5	107	
-27	-81	1	3.1	-36	-90	8	5	108	
-9	-81	1	4.1	-18	-90	9	5	109	
9	-81	1	0.1	0	-90	10	5	110	
27	-81	1	0.1	18	-90	11	5	111	
45	-81	1	0.1	36	-90	12	5	112	
63	-81	1	9.1	54	-90	13	5	113	
81	-81	0	24.1	72	-90	14	5	114	
99	-81	1	5.1	90	-90	15	5	115	
117	-81	1	4.1	108	-90	16	5	116	
135	-81	1	3.1	126	-90	17	5	117	
153	-81	1	0.1	144	-90	18	5	118	
171	-81	1	2.1	162	-90	19	5	119	
-171	-63	1	3.1	-180	-72	0	6	120	
-153	-63	0	33.1	-162	-72	1	6	121	
-135	-63	0	132.1	-144	-72	2	6	122	
-117	-63	0	356.1	-126	-72	3	6	123	
-99	-63	0	402.1	-108	-72	4	6	124	
-81	-63	0	456.1	-90	-72	5	6	125	
-63	-63	0	1463.1	-72	-72	6	6	126	
-45	-63	0	683.1	-54	-72	7	6	127	
-27	-63	0	44.1	-36	-72	8	6	128	
-9	-63	1	0.1	-18	-72	9	6	129	
9	-63	1	0.1	0	-72	10	6	130	
27	-63	1	3.1	18	-72	11	6	131	
45	-63	1	2.1	36	-72	12	6	132	
63	-63	0	45.1	54	-72	13	6	133	
81	-63	0	72.1	72	-72	14	6	134	
99	-63	1	9.1	90	-72	15	6	135	
117	-63	1	3.1	108	-72	16	6	136	
135	-63	1	6.1	126	-72	17	6	137	
153	-63	1	8.1	144	-72	18	6	138	
171	-63	1	4.1	162	-72	19	6	139	
-171	-45	1	7.1	-180	-54	0	7	140	
-153	-45	1	16.1	-162	-54	1	7	141	
-135	-45	0	176.1	-144	-54	2	7	142	
-117	-45	0	717.1	-126	-54	3	7	143	
-99	-45	0	1639.1	-108	-54	4	7	144	
-81	-45	0	6673.1	-90	-54	5	7	145	
-63	-45	0	109533	-72	-54	6	7	146	
-45	-45	0	6494.1	-54	-54	7	7	147	
-27	-45	1	8.1	-36	-54	8	7	148	
-9	-45	1	1.1	-18	-54	9	7	149	
9	-45	1	5.1	0	-54	10	7	150	
27	-45	0	25.1	18	-54	11	7	151	
45	-45	1	2.1	36	-54	12	7	152	
63	-45	0	60.1	54	-54	13	7	153	
81	-45	0	60.1	72	-54	14	7	154	
99	-45	1	16.1	90	-54	15	7	155	
117	-45	1	8.1	108	-54	16	7	156	
135	-45	1	14.1	126	-54	17	7	157	
153	-45	1	6.1	144	-54	18	7	158	
171	-45	1	4.1	162	-54	19	7	159	
-171	-27	1	2.1	-180	-36	0	8	160	
-153	-27	0	37.1	-162	-36	1	8	161	
-135	-27	0	267.1	-144	-36	2	8	162	
-117	-27	0	1264.1	-126	-36	3	8	163	
-99	-27	0	2794.1	-108	-36	4	8	164	
-81	-27	0	9387.1	-90	-36	5	8	165	
-63	-27	0	37328.1	-72	-36	6	8	166	
-45	-27	0	1408.1	-54	-36	7	8	167	
-27	-27	1	5.1	-36	-36	8	8	168	
-9	-27	1	2.1	-18	-36	9	8	169	
9	-27	1	5.1	0	-36	10	8	170	
27	-27	1	4.1	18	-36	11	8	171	
45	-27	1	0.1	36	-36	12	8	172	
63	-27	0	24.1	54	-36	13	8	173	
81	-27	0	80.1	72	-36	14	8	174	
99	-27	0	356.1	90	-36	15	8	175	
117	-27	0	155.1	108	-36	16	8	176	
135	-27	0	31.1	126	-36	17	8	177	
153	-27	1	10.1	144	-36	18	8	178	
171	-27	1	5.1	162	-36	19	8	179	
-171	-9	1	8.1	-180	-18	0	9	180	
-153	-9	0	44.1	-162	-18	1	9	181	
-135	-9	0	524.1	-144	-18	2	9	182	
-117	-9	0	2413.1	-126	-18	3	9	183	
-99	-9	0	5477.1	-108	-18	4	9	184	
-81	-9	0	10820.1	-90	-18	5	9	185	
-63	-9	0	6336.1	-72	-18	6	9	186	
-45	-9	1	11.1	-54	-18	7	9	187	
-27	-9	1	1.1	-36	-18	8	9	188	
-9	-9	1	4.1	-18	-18	9	9	189	
9	-9	1	4.1	0	-18	10	9	190	
27	-9	1	3.1	18	-18	11	9	191	
45	-9	1	0.1	36	-18	12	9	192	
63	-9	0	63.1	54	-18	13	9	193	
81	-9	0	1449.1	72	-18	14	9	194	
99	-9	0	1420.1	90	-18	15	9	195	
117	-9	0	259.1	108	-18	16	9	196	
135	-9	0	67.1	126	-18	17	9	197	
153	-9	1	14.1	144	-18	18	9	198	
171	-9	1	3.1	162	-18	19	9	199	
-171	9	1	6.1	-180	0	0	10	200	
-153	9	0	90.1	-162	0	1	10	201	
-135	9	0	729.1	-144	0	2	10	202	
-117	9	0	3112.1	-126	0	3	10	203	
-99	9	0	6776.1	-108	0	4	10	204	
-81	9	0	2903.1	-90	0	5	10	205	
-63	9	0	93.1	-72	0	6	10	206	
-45	9	1	5.1	-54	0	7	10	207	
-27	9	1	1.1	-36	0	8	10	208	
-9	9	1	0.1	-18	0	9	10	209	
9	9	1	2.1	0	0	10	10	210	
27	9	1	2.1	18	0	11	10	211	
45	9	1	6.1	36	0	12	10	212	
63	9	0	1080.1	54	0	13	10	213	
81	9	0	2823.1	72	0	14	10	214	
99	9	0	958.1	90	0	15	10	215	
117	9	0	197.1	108	0	16	10	216	
135	9	0	23.1	126	0	17	10	217	
153	9	1	2.1	144	0	18	10	218	
171	9	1	3.1	162	0	19	10	219	
-171	27	1	6.1	-180	18	0	11	220	
-153	27	0	97.1	-162	18	1	11	221	
-135	27	0	771.1	-144	18	2	11	222	
-117	27	0	1914.1	-126	18	3	11	223	
-99	27	0	1337.1	-108	18	4	11	224	
-81	27	0	201.1	-90	18	5	11	225	
-63	27	0	38.1	-72	18	6	11	226	
-45	27	1	1.1	-54	18	7	11	227	
-27	27	1	0.1	-36	18	8	11	228	
-9	27	1	3.1	-18	18	9	11	229	
9	27	1	0.1	0	18	10	11	230	
27	27	1	1.1	18	18	11	11	231	
45	27	0	289.1	36	18	12	11	232	
63	27	0	3033.1	54	18	13	11	233	
81	27	0	1098.1	72	18	14	11	234	
99	27	0	132.1	90	18	15	11	235	
117	27	0	52.1	108	18	16	11	236	
135	27	1	9.1	126	18	17	11	237	
153	27	1	1.1	144	18	18	11	238	
171	27	1	3.1	162	18	19	11	239	
-171	45	1	9.1	-180	36	0	12	240	
-153	45	0	129.1	-162	36	1	12	241	
-135	45	0	472.1	-144	36	2	12	242	
-117	45	0	426.1	-126	36	3	12	243	
-99	45	0	217.1	-108	36	4	12	244	
-81	45	0	260.1	-90	36	5	12	245	
-63	45	0	29.1	-72	36	6	12	246	
-45	45	1	0.1	-54	36	7	12	247	
-27	45	1	0.1	-36	36	8	12	248	
-9	45	1	0.1	-18	36	9	12	249	
9	45	1	0.1	0	36	10	12	250	
27	45	1	9.1	18	36	11	12	251	
45	45	0	1877.1	36	36	12	12	252	
63	45	0	2000.1	54	36	13	12	253	
81	45	0	119.1	72	36	14	12	254	
99	45	0	27.1	90	36	15	12	255	
117	45	1	9.1	108	36	16	12	256	
135	45	1	6.1	126	36	17	12	257	
153	45	1	0.1	144	36	18	12	258	
171	45	1	2.1	162	36	19	12	259	
-171	63	0	22.1	-180	54	0	13	260	
-153	63	0	262.1	-162	54	1	13	261	
-135	63	0	791.1	-144	54	2	13	262	
-117	63	0	229.1	-126	54	3	13	263	
-99	63	0	316.1	-108	54	4	13	264	
-81	63	0	1171.1	-90	54	5	13	265	
-63	63	1	21.1	-72	54	6	13	266	
-45	63	1	0.1	-54	54	7	13	267	
-27	63	1	0.1	-36	54	8	13	268	
-9	63	1	0.1	-18	54	9	13	269	
9	63	1	1.1	0	54	10	13	270	
27	63	0	43.1	18	54	11	13	271	
45	63	0	632.1	36	54	12	13	272	
63	63	0	349.1	54	54	13	13	273	
81	63	0	29.1	72	54	14	13	274	
99	63	1	11.1	90	54	15	13	275	
117	63	1	1.1	108	54	16	13	276	
135	63	1	2.1	126	54	17	13	277	
153	63	1	2.1	144	54	18	13	278	
171	63	1	5.1	162	54	19	13	279	
-171	81	0	46.1	-180	72	0	14	280	
-153	81	0	312.1	-162	72	1	14	281	
-135	81	0	986.1	-144	72	2	14	282	
-117	81	0	699.1	-126	72	3	14	283	
-99	81	0	634.1	-108	72	4	14	284	
-81	81	0	1297.1	-90	72	5	14	285	
-63	81	0	24.1	-72	72	6	14	286	
-45	81	1	1.1	-54	72	7	14	287	
-27	81	1	0.1	-36	72	8	14	288	
-9	81	1	2.1	-18	72	9	14	289	
9	81	1	4.1	0	72	10	14	290	
27	81	1	9.1	18	72	11	14	291	
45	81	0	26.1	36	72	12	14	292	
63	81	0	60.1	54	72	13	14	293	
81	81	1	17.1	72	72	14	14	294	
99	81	1	18.1	90	72	15	14	295	
117	81	1	4.1	108	72	16	14	296	
135	81	1	3.1	126	72	17	14	297	
153	81	1	1.1	144	72	18	14	298	
171	81	1	2.1	162	72	19	14	299	
-171	99	0	70.1	-180	90	0	15	300	
-153	99	0	466.1	-162	90	1	15	301	
-135	99	0	1398.1	-144	90	2	15	302	
-117	99	0	2714.1	-126	90	3	15	303	
-99	99	0	2940.1	-108	90	4	15	304	
-81	99	0	1916.1	-90	90	5	15	305	
-63	99	0	95.1	-72	90	6	15	306	
-45	99	1	5.1	-54	90	7	15	307	
-27	99	1	2.1	-36	90	8	15	308	
-9	99	1	9.1	-18	90	9	15	309	
9	99	1	2.1	0	90	10	15	310	
27	99	1	1.1	18	90	11	15	311	
45	99	1	1.1	36	90	12	15	312	
63	99	1	12.1	54	90	13	15	313	
81	99	1	15.1	72	90	14	15	314	
99	99	1	19.1	90	90	15	15	315	
117	99	1	20.1	108	90	16	15	316	
135	99	1	10.1	126	90	17	15	317	
153	99	1	8.1	144	90	18	15	318	
171	99	1	1.1	162	90	19	15	319	
-171	117	0	120.1	-180	108	0	16	320	
-153	117	0	1150.1	-162	108	1	16	321	
-135	117	0	5554.1	-144	108	2	16	322	
-117	117	0	11965.1	-126	108	3	16	323	
-99	117	0	10411.1	-108	108	4	16	324	
-81	117	0	6589.1	-90	108	5	16	325	
-63	117	0	2602.1	-72	108	6	16	326	
-45	117	0	588.1	-54	108	7	16	327	
-27	117	0	34.1	-36	108	8	16	328	
-9	117	1	5.1	-18	108	9	16	329	
9	117	1	1.1	0	108	10	16	330	
27	117	1	1.1	18	108	11	16	331	
45	117	1	2.1	36	108	12	16	332	
63	117	1	10.1	54	108	13	16	333	
81	117	0	22.1	72	108	14	16	334	
99	117	0	38.1	90	108	15	16	335	
117	117	0	28.1	108	108	16	16	336	
135	117	1	21.1	126	108	17	16	337	
153	117	1	4.1	144	108	18	16	338	
171	117	1	11.1	162	108	19	16	339	
-171	135	0	415.1	-180	126	0	17	340	
-153	135	0	3803.1	-162	126	1	17	341	
-135	135	0	12604.1	-144	126	2	17	342	
-117	135	0	16695.1	-126	126	3	17	343	
-99	135	0	11124.1	-108	126	4	17	344	
-81	135	0	10042.1	-90	126	5	17	345	
-63	135	0	13964.1	-72	126	6	17	346	
-45	135	0	2739.1	-54	126	7	17	347	
-27	135	1	6.1	-36	126	8	17	348	
-9	135	1	1.1	-18	126	9	17	349	
9	135	1	0.1	0	126	10	17	350	
27	135	1	1.1	18	126	11	17	351	
45	135	1	1.1	36	126	12	17	352	
63	135	1	5.1	54	126	13	17	353	
81	135	0	30.1	72	126	14	17	354	
99	135	0	98.1	90	126	15	17	355	
117	135	0	46.1	108	126	16	17	356	
135	135	0	30.1	126	126	17	17	357	
153	135	0	32.1	144	126	18	17	358	
171	135	0	30.1	162	126	19	17	359	
-171	153	0	1609.1	-180	144	0	18	360	
-153	153	0	7626.1	-162	144	1	18	361	
-135	153	0	12250.1	-144	144	2	18	362	
-117	153	0	8623.1	-126	144	3	18	363	
-99	153	0	5112.1	-108	144	4	18	364	
-81	153	0	8334.1	-90	144	5	18	365	
-63	153	0	10792.1	-72	144	6	18	366	
-45	153	0	350.1	-54	144	7	18	367	
-27	153	1	2.1	-36	144	8	18	368	
-9	153	1	2.1	-18	144	9	18	369	
9	153	1	1.1	0	144	10	18	370	
27	153	1	0.1	18	144	11	18	371	
45	153	1	2.1	36	144	12	18	372	
63	153	1	9.1	54	144	13	18	373	
81	153	0	129.1	72	144	14	18	374	
99	153	0	234.1	90	144	15	18	375	
117	153	0	113.1	108	144	16	18	376	
135	153	0	68.1	126	144	17	18	377	
153	153	0	52.1	144	144	18	18	378	
171	153	0	92.1	162	144	19	18	379	
-171	171	0	2145.1	-180	162	0	19	380	
-153	171	0	4992.1	-162	162	1	19	381	
-135	171	0	4846.1	-144	162	2	19	382	
-117	171	0	2643.1	-126	162	3	19	383	
-99	171	0	2223.1	-108	162	4	19	384	
-81	171	0	4730.1	-90	162	5	19	385	
-63	171	0	1700.1	-72	162	6	19	386	
-45	171	1	6.1	-54	162	7	19	387	
-27	171	1	1.1	-36	162	8	19	388	
-9	171	1	0.1	-18	162	9	19	389	
9	171	1	1.1	0	162	10	19	390	
27	171	1	0.1	18	162	11	19	391	
45	171	1	2.1	36	162	12	19	392	
63	171	0	54.1	54	162	13	19	393	
81	171	0	378.1	72	162	14	19	394	
99	171	0	286.1	90	162	15	19	395	
117	171	0	154.1	108	162	16	19	396	
135	171	0	128.1	126	162	17	19	397	
153	171	0	191.1	144	162	18	19	398	
171	171	0	347.1	162	162	19	19	399	
